1.33617616001e9
1.33617618001e9
1.33617747001e9
1.33617806001e9
1.33617827001e9
1.33617887001e9
1.33617929001e9
1.33617933001e9
1.33617944001e9
1.33617961001e9
1.33618106001e9
1.33618205001e9
1.33618226001e9
1.33618227001e9
1.33618522001e9
1.33618615001e9
1.33618651001e9
1.33618653001e9
1.33618674001e9
1.33618729001e9
1.33618818001e9
1.33618820001e9
1.33619060001e9
1.33619248001e9
1.33619250001e9
1.33619255001e9
1.33619366001e9
1.33619367001e9
1.33619369001e9
1.33619440001e9
1.33619493001e9
1.33619500001e9
1.33619542001e9
1.33619544001e9
1.33619812001e9
1.33619865001e9
1.33619888001e9
1.33620086001e9
1.33620156001e9
1.33620221001e9
1.33620222001e9
1.33620430001e9
1.33620507001e9
1.33620608001e9
1.33620631001e9
1.33620699001e9
1.33620779001e9
1.33620895001e9
1.33620933001e9
1.33620994001e9
1.33621003001e9
1.33621062001e9
1.33621140001e9
1.33621203001e9
1.33621205001e9
1.33621317001e9
1.33621319001e9
1.33621380001e9
1.33621433001e9
1.33621644001e9
1.33621646001e9
1.33621647001e9
1.33621767001e9
1.33621788001e9
1.33621931001e9
1.33621932001e9
1.33622065001e9
1.33622098001e9
1.33622138001e9
1.33622157001e9
1.33622273001e9
1.33622274001e9
1.33622387001e9
1.33622442001e9
1.33622468001e9
1.33622616001e9
1.33622670001e9
1.33622672001e9
1.33622673001e9
1.33622719001e9
1.33622757001e9
1.33622791001e9
1.33622991001e9
1.33623038001e9
1.33623091001e9
1.33623219001e9
1.33623228001e9
1.33623261001e9
1.33623278001e9
1.33623312001e9
1.33623361001e9
1.33623464001e9
1.33623500001e9
1.33623525001e9
1.33623551001e9
1.33623692001e9
1.33623785001e9
1.33623888001e9
1.33623889001e9
1.33623994001e9
1.33624150001e9
1.33624427001e9
1.33624452001e9
1.33624454001e9
1.33624577001e9
1.33624608001e9
1.33624610001e9
1.33624611001e9
1.33624613001e9
1.33624680001e9
1.33624782001e9
1.33624824001e9
1.33625083001e9
1.33625090001e9
1.33625092001e9
1.33625161001e9
1.33625162001e9
1.33625273001e9
1.33625275001e9
1.33625294001e9
1.33625295001e9
1.33625362001e9
1.33625379001e9
1.33625453001e9
1.33625786001e9
1.33625797001e9
1.33625864001e9
1.33625978001e9
1.33626010001e9
1.33626120001e9
1.33626187001e9
1.33626188001e9
1.33626213001e9
1.33626226001e9
1.33626254001e9
1.33626256001e9
1.33626282001e9
1.33626385001e9
1.33626693001e9
1.33626700001e9
1.33626805001e9
1.33627088001e9
1.33627194001e9
1.33627238001e9
1.33627301001e9
1.33627882001e9
1.33628061001e9
1.33628133001e9
1.33628389001e9
1.33628488001e9
1.33628570001e9
1.33628676001e9
1.33628678001e9
1.33628796001e9
1.33629011001e9
1.33629024001e9
1.33629577001e9
1.33629854001e9
1.33629995001e9
1.33630082001e9
1.33630151001e9
1.33630164001e9
1.33630356001e9
1.33630432001e9
1.33630521001e9
1.33631249001e9
1.33631380001e9
1.33631416001e9
1.33631842001e9
1.33632117001e9
1.33632586001e9
1.33633223001e9
1.33633455001e9
1.33633768001e9
1.33633937001e9
1.33634063001e9
1.33634082001e9
1.33634135001e9
1.33634158001e9
1.33634200001e9
1.33634220001e9
1.33634243001e9
1.33634262001e9
1.33634319001e9
1.33634321001e9
1.33634568001e9
1.33634602001e9
1.33634621001e9
1.33634739001e9
1.33634847001e9
1.33634866001e9
1.33634896001e9
1.33634898001e9
1.33635154001e9
1.33635202001e9
1.33635498001e9
1.33635564001e9
1.33635701001e9
1.33635920001e9
1.33635922001e9
1.33635960001e9
1.33636028001e9
1.33636364001e9
1.33636459001e9
1.33636494001e9
1.33636524001e9
1.33636547001e9
1.33636615001e9
1.33636684001e9
1.33636752001e9
1.33636754001e9
1.33636815001e9
1.33636881001e9
1.33637029001e9
1.33637102001e9
1.33637233001e9
1.33637461001e9
1.33637727001e9
1.33637729001e9
1.33637820001e9
1.33638152001e9
1.33638154001e9
1.33638198001e9
1.33638329001e9
1.33638338001e9
1.33638494001e9
1.33638561001e9
1.33638762001e9
1.33638931001e9
1.33638933001e9
1.33638964001e9
1.33638965001e9
1.33639275001e9
1.33639906001e9
1.33639927001e9
1.33640085001e9
1.33640086001e9
1.33640292001e9
1.33640377001e9
1.33640664001e9
1.33640681001e9
1.33640839001e9
1.33640886001e9
1.33641101001e9
1.33641103001e9
1.33641160001e9
1.33641196001e9
1.33641247001e9
1.33641301001e9
1.33641302001e9
1.33642137001e9
1.33642138001e9
1.33642308001e9
1.33642309001e9
1.33643246001e9
1.33643375001e9
1.33643506001e9
1.33643536001e9
1.33643538001e9
1.33643709001e9
1.33643762001e9
1.33643866001e9
1.33643868001e9
1.33644480001e9
1.33644575001e9
1.33645050001e9
1.33645327001e9
1.33645795001e9
1.33649922001e9
1.33649923001e9
1.33651759001e9
1.33651793001e9
1.33651873001e9
1.33651974001e9
1.33652146001e9
1.33652176001e9
1.33652178001e9
1.33652537001e9
1.33652742001e9
1.33653498001e9
1.33654144001e9
1.33654374001e9
1.33655379001e9
1.33656164001e9
1.33656734001e9
1.33656739001e9
1.33657017001e9
1.33657055001e9
1.33657232001e9
1.33657233001e9
1.33657336001e9
1.33657349001e9
1.33657598001e9
1.33657600001e9
1.33657788001e9
1.33658005001e9
1.33658480001e9
1.33658533001e9
1.33658592001e9
1.33658601001e9
1.33658603001e9
1.33658624001e9
1.33658638001e9
1.33658655001e9
1.33658657001e9
1.33658677001e9
1.33658848001e9
1.33658936001e9
1.33659322001e9
1.33659323001e9
1.33659325001e9
1.33659639001e9
1.33659992001e9
1.33660786001e9
1.33660816001e9
1.33660818001e9
1.33661127001e9
1.33661247001e9
1.33662235001e9
1.33662714001e9
1.33663048001e9
1.33664542001e9
1.33666459001e9
1.33666580001e9
1.33666829001e9
1.33667859001e9
1.33667861001e9
1.33668024001e9
1.33668484001e9
1.33668513001e9
1.33668514001e9
1.33669426001e9
1.33669458001e9
1.33669805001e9
1.33671893001e9
1.33672042001e9
1.33672043001e9
1.33672169001e9
1.33673571001e9
1.33673736001e9
1.33673828001e9
1.33673829001e9
1.33673831001e9
1.33674033001e9
1.33675175001e9
1.33675498001e9
1.33675650001e9
1.33675944001e9
1.33676638001e9
1.33676640001e9
1.33676641001e9
1.33676643001e9
1.33677191001e9
1.33677192001e9
1.33677916001e9
1.33677970001e9
1.33677971001e9
1.33678066001e9
1.33678096001e9
1.33678098001e9
1.33678250001e9
1.33678259001e9
1.33678274001e9
1.33678276001e9
1.33678297001e9
1.33678305001e9
1.33678341001e9
1.33678373001e9
1.33679948001e9
1.33679950001e9
1.33680269001e9
1.33680378001e9
1.33680379001e9
1.33680398001e9
1.33680520001e9
1.33680663001e9
1.33680664001e9
1.33680784001e9
1.33680955001e9
1.33680997001e9
1.33681037001e9
1.33681347001e9
1.33681348001e9
1.33681451001e9
1.33681466001e9
1.33681588001e9
1.33681616001e9
1.33681668001e9
1.33681757001e9
1.33681803001e9
1.33681804001e9
1.33681831001e9
1.33681854001e9
1.33681873001e9
1.33681913001e9
1.33682057001e9
1.33682116001e9
1.33682118001e9
1.33682194001e9
1.33682224001e9
1.33682268001e9
1.33682291001e9
1.33682316001e9
1.33682354001e9
1.33682355001e9
1.33682399001e9
1.33682460001e9
1.33682481001e9
1.33682559001e9
1.33682564001e9
1.33682644001e9
1.33682677001e9
1.33682682001e9
1.33682730001e9
1.33682732001e9
1.33682796001e9
1.33682876001e9
1.33682918001e9
1.33682920001e9
1.33682981001e9
1.33683011001e9
1.33683089001e9
1.33683127001e9
1.33683129001e9
1.33683228001e9
1.33683229001e9
1.33683273001e9
1.33683275001e9
1.33683334001e9
1.33683366001e9
1.33683368001e9
1.33683397001e9
1.33683450001e9
1.33683457001e9
1.33683554001e9
1.33683644001e9
1.33683693001e9
1.33683722001e9
1.33683786001e9
1.33683847001e9
1.33683906001e9
1.33684005001e9
1.33684073001e9
1.33684134001e9
1.33684136001e9
1.33684248001e9
1.33684341001e9
1.33684364001e9
1.33684366001e9
1.33684404001e9
1.33684463001e9
1.33684506001e9
1.33684573001e9
1.33684597001e9
1.33684637001e9
1.33684909001e9
1.33685015001e9
1.33685059001e9
1.33685084001e9
1.33685086001e9
1.33685143001e9
1.33685219001e9
1.33685255001e9
1.33685299001e9
1.33685300001e9
1.33685337001e9
1.33685375001e9
1.33685376001e9
1.33685485001e9
1.33685639001e9
1.33685671001e9
1.33685753001e9
1.33685880001e9
1.33685907001e9
1.33685920001e9
1.33685922001e9
1.33685945001e9
1.33685946001e9
1.33685948001e9
1.33685992001e9
1.33686034001e9
1.33686070001e9
1.33686081001e9
1.33686110001e9
1.33686125001e9
1.33686167001e9
1.33686205001e9
1.33686235001e9
1.33686250001e9
1.33686281001e9
1.33686302001e9
1.33686334001e9
1.33686374001e9
1.33686450001e9
1.33686471001e9
1.33686564001e9
1.33686615001e9
1.33686617001e9
1.33686708001e9
1.33686710001e9
1.33686736001e9
1.33686738001e9
1.33686821001e9
1.33686890001e9
1.33686891001e9
1.33686920001e9
1.33686996001e9
1.33687076001e9
1.33687118001e9
1.33687167001e9
1.33687251001e9
1.33687252001e9
1.33687300001e9
1.33687378001e9
1.33687403001e9
1.33687404001e9
1.33687450001e9
1.33687494001e9
1.33687547001e9
1.33687585001e9
1.33687631001e9
1.33687716001e9
1.33687756001e9
1.33687813001e9
1.33687853001e9
1.33687891001e9
1.33687935001e9
1.33687988001e9
1.33688031001e9
1.33688117001e9
1.33688168001e9
1.33688231001e9
1.33688286001e9
1.33688429001e9
1.33688430001e9
1.33688543001e9
1.33688544001e9
1.33688613001e9
1.33688761001e9
1.33688828001e9
1.33688892001e9
1.33688951001e9
1.33689103001e9
1.33689185001e9
1.33689270001e9
1.33689314001e9
1.33689373001e9
1.33689436001e9
1.33689491001e9
1.33689553001e9
1.33689622001e9
1.33689700001e9
1.33689922001e9
1.33689964001e9
1.33689987001e9
1.33690042001e9
1.33690129001e9
1.33690329001e9
1.33690330001e9
1.33690382001e9
1.33690538001e9
1.33690539001e9
1.33690553001e9
1.33690576001e9
1.33690621001e9
1.33690714001e9
1.33690716001e9
1.33690786001e9
1.33690912001e9
1.33690914001e9
1.33691024001e9
1.33691130001e9
1.33691284001e9
1.33691339001e9
1.33691526001e9
1.33691527001e9
1.33691676001e9
1.33691917001e9
1.33692242001e9
1.33692331001e9
1.33692508001e9
1.33692605001e9
1.33692772001e9
1.33692837001e9
1.33692838001e9
1.33692857001e9
1.33692859001e9
1.33692880001e9
1.33693082001e9
1.33693084001e9
1.33693085001e9
1.33693161001e9
1.33693304001e9
1.33693445001e9
1.33693446001e9
1.33693467001e9
1.33693587001e9
1.33693652001e9
1.33693739001e9
1.33693885001e9
1.33694035001e9
1.33694113001e9
1.33694115001e9
1.33694170001e9
1.33694383001e9
1.33694488001e9
1.33694702001e9
1.33694862001e9
1.33695297001e9
1.33695333001e9
1.33695346001e9
1.33695376001e9
1.33695378001e9
1.33695507001e9
1.33695509001e9
1.33695811001e9
1.33695839001e9
1.33695910001e9
1.33695949001e9
1.33695970001e9
1.33695997001e9
1.33696025001e9
1.33696088001e9
1.33696139001e9
1.33696204001e9
1.33696238001e9
1.33696242001e9
1.33696286001e9
1.33696419001e9
1.33696434001e9
1.33696485001e9
1.33696584001e9
1.33696662001e9
1.33696675001e9
1.33696677001e9
1.33696708001e9
1.33696709001e9
1.33696734001e9
1.33696801001e9
1.33696812001e9
1.33696941001e9
1.33696943001e9
1.33696993001e9
1.33697179001e9
1.33697203001e9
1.33697272001e9
1.33697500001e9
1.33697549001e9
1.33697779001e9
1.33697865001e9
1.33697887001e9
1.33698003001e9
1.33698134001e9
1.33698174001e9
1.33698226001e9
1.33698315001e9
1.33698349001e9
1.33698376001e9
1.33698402001e9
1.33698482001e9
1.33698533001e9
1.33698592001e9
1.33698627001e9
1.33698628001e9
1.33699024001e9
1.33699026001e9
1.33699027001e9
1.33699444001e9
1.33699445001e9
1.33699795001e9
1.33700006001e9
1.33700232001e9
1.33700261001e9
1.33700262001e9
1.33700327001e9
1.33700354001e9
1.33700796001e9
1.33700983001e9
1.33701125001e9
1.33701129001e9
1.33701173001e9
1.33701174001e9
1.33701283001e9
1.33701292001e9
1.33701294001e9
1.33701361001e9
1.33701456001e9
1.33701851001e9
1.33701862001e9
1.33701957001e9
1.33702039001e9
1.33702717001e9
1.33702719001e9
1.33702786001e9
1.33702858001e9
1.33703211001e9
1.33703276001e9
1.33703681001e9
1.33703682001e9
1.33703869001e9
1.33703872001e9
1.33703986001e9
1.33704016001e9
1.33704018001e9
1.33704082001e9
1.33704295001e9
1.33704474001e9
1.33704475001e9
1.33704515001e9
1.33704603001e9
1.33704633001e9
1.33704684001e9
1.33704715001e9
1.33704753001e9
1.33704808001e9
1.33704848001e9
1.33704886001e9
1.33704888001e9
1.33704893001e9
1.33704895001e9
1.33704975001e9
1.33705306001e9
1.33705395001e9
1.33705488001e9
1.33705490001e9
1.33705528001e9
1.33705530001e9
1.33705583001e9
1.33705663001e9
1.33705897001e9
1.33705944001e9
1.33706003001e9
1.33706094001e9
1.33706096001e9
1.33706252001e9
1.33706398001e9
1.33706545001e9
1.33706659001e9
1.33706660001e9
1.33706662001e9
1.33706708001e9
1.33706805001e9
1.33706807001e9
1.33706809001e9
1.33706812001e9
1.33706909001e9
1.33706934001e9
1.33707023001e9
1.33707134001e9
1.33707135001e9
1.33707308001e9
1.33707394001e9
1.33707409001e9
1.33707590001e9
1.33707591001e9
1.33707616001e9
1.33707781001e9
1.33708230001e9
1.33708272001e9
1.33708275001e9
1.33708323001e9
1.33708555001e9
1.33708557001e9
1.33708766001e9
1.33708785001e9
1.33708787001e9
1.33708788001e9
1.33708823001e9
1.33708910001e9
1.33708923001e9
1.33709043001e9
1.33709045001e9
1.33709205001e9
1.33709206001e9
1.33709248001e9
1.33709250001e9
1.33709309001e9
1.33709526001e9
1.33709638001e9
1.33709894001e9
1.33710147001e9
1.33710284001e9
1.33710554001e9
1.33710555001e9
1.33710645001e9
1.33711029001e9
1.33711030001e9
1.33711177001e9
1.33711511001e9
1.33711542001e9
1.33711543001e9
1.33711545001e9
1.33711673001e9
1.33711724001e9
1.33711880001e9
1.33711895001e9
1.33712047001e9
1.33712136001e9
1.33712138001e9
1.33712231001e9
1.33712303001e9
1.33712324001e9
1.33712353001e9
1.33712467001e9
1.33712607001e9
1.33712626001e9
1.33712656001e9
1.33712658001e9
1.33712981001e9
1.33713077001e9
1.33713146001e9
1.33713148001e9
1.33713153001e9
1.33713256001e9
1.33713258001e9
1.33713281001e9
1.33713427001e9
1.33713501001e9
1.33713551001e9
1.33713727001e9
1.33713910001e9
1.33713912001e9
1.33713913001e9
1.33713955001e9
1.33714016001e9
1.33714029001e9
1.33714031001e9
1.33714050001e9
1.33714081001e9
1.33714094001e9
1.33714202001e9
1.33714204001e9
1.33714430001e9
1.33714672001e9
1.33714673001e9
1.33714763001e9
1.33714909001e9
1.33714983001e9
1.33715314001e9
1.33715340001e9
1.33715369001e9
1.33715371001e9
1.33715390001e9
1.33715401001e9
1.33715449001e9
1.33715452001e9
1.33715946001e9
1.33715948001e9
1.33715973001e9
1.33715975001e9
1.33716078001e9
1.33716079001e9
1.33716165001e9
1.33716560001e9
1.33716562001e9
1.33716667001e9
1.33716672001e9
1.33716948001e9
1.33717265001e9
1.33717318001e9
1.33717406001e9
1.33717408001e9
1.33717409001e9
1.33717525001e9
1.33717845001e9
1.33717858001e9
1.33717860001e9
1.33717898001e9
1.33718715001e9
1.33718717001e9
1.33719011001e9
1.33719116001e9
1.33719444001e9
1.33719910001e9
1.33719912001e9
1.33720187001e9
1.33720202001e9
1.33720282001e9
1.33720284001e9
1.33720448001e9
1.33720455001e9
1.33720491001e9
1.33720733001e9
1.33720734001e9
1.33720795001e9
1.33720797001e9
1.33720862001e9
1.33720877001e9
1.33720879001e9
1.33720978001e9
1.33720980001e9
1.33721018001e9
1.33721266001e9
