0.000000000000000000e+00
6.573927963611261860e-02
9.653830201181630433e-02
2.864261969926642018e-02
2.731195971423761720e-02
3.091588611738022019e-02
2.536802886459104192e-02
2.419456734942752527e-02
2.838809082118394847e-02
2.376902689951113090e-02
2.626852216183052022e-02
1.743716902003074679e-02
1.834824681547720521e-02
1.808843136484983641e-02
3.253418170719270253e-02
3.933567041107502438e-02
5.414836583071400145e-02
2.113106790610065969e-02
1.822418285305743915e-02
1.734927861346920522e-02
1.918581473537496820e-02
2.433609760084961063e-02
2.772954762861780734e-02
2.796674472618025653e-02
4.932489317347744928e-02
4.009245160352026965e-02
8.225093000164203361e-02
1.326994028105334400e-01
0.000000000000000000e+00
4.629547232884512892e-02
0.000000000000000000e+00
8.263047848662256889e-02
3.337282663411652445e-02
8.216308229250939010e-02
1.154116266607382452e-01
2.525835492544026631e-02
2.506257356805172143e-02
1.672236132457400465e-02
1.599774071166737768e-02
1.763815335087802819e-02
1.543422509469612874e-02
1.712558654456535281e-02
3.013717169103915378e-02
1.992132180940678690e-02
3.805561885739501549e-02
3.300635105307551942e-02
1.554329470161172448e-02
1.950913602085242726e-02
4.137293636614818720e-02
6.503426366400139047e-02
4.422197553439613515e-02
2.636352388737008001e-02
2.410966707058546585e-02
1.631995624846675763e-02
2.590794543517450227e-02
9.369418890057887306e-02
1.323459578280706816e-01
3.879678272828352564e-02
3.196914343852003820e-02
3.322514521721577768e-02
3.661265332066879902e-02
4.930428444390415332e-02
3.143386128658075956e-02
2.367086699585846735e-02
2.410452135191352638e-02
4.126231509808146042e-02
6.184306788936457661e-02
6.111522799953474777e-02
4.602688586131054721e-02
4.804447571623318702e-02
2.273393523358748294e-02
1.995510199562254561e-02
2.695345678375054774e-02
1.912008109375811990e-02
1.892135217517923115e-02
2.493001894353069972e-02
0.000000000000000000e+00
0.000000000000000000e+00
0.000000000000000000e+00
0.000000000000000000e+00
2.246565585156953815e-02
4.166927769988879732e-02
5.166531265690385566e-02
7.006487322574962706e-02
1.098470351828182007e-01
4.443867352595993331e-02
2.062238530617894333e-02
2.542660235162519378e-02
4.011611646103792339e-02
3.043039451085072580e-02
2.806747819740532460e-02
0.000000000000000000e+00
7.497980153750620491e-02
5.769765121300843291e-02
2.356963074070178576e-02
2.905556751526994913e-02
9.975628794294355561e-02
7.762843205398228807e-02
4.054794276898419231e-02
2.228344443865682908e-02
2.418746600822016188e-02
6.337710911505588240e-02
0.000000000000000000e+00
3.000934677285219468e-02
2.858104654176404566e-02
2.419610611573896550e-02
3.192672225904334693e-02
4.523915711290642933e-02
2.757682127240741396e-02
1.821449851579669266e-02
1.658975260712570315e-02
1.749266603117819244e-02
1.611790628841127532e-02
2.548323793830854431e-02
1.947442645191950136e-02
2.785575376959009003e-02
6.204932366294440421e-02
5.045120950287308725e-02
6.506449102288568154e-02
5.847571608678285571e-02
6.725034686092115632e-02
7.601946597970150876e-02
7.727160698066488920e-02
9.885025354759607863e-02
1.033498972765374557e-01
5.812393654135963178e-02
6.843464736225489398e-02
8.901806384544798390e-02
3.573920913298599122e-02
1.836446694372984023e-02
4.228536279992662489e-02
5.468857700638896785e-02
4.849718733620039801e-02
2.714155322368700524e-02
2.489736277834505782e-02
2.032790215547721976e-02
2.043838627314188694e-02
3.608011670007740812e-02
2.100512617106546631e-02
5.159045601775325007e-02
1.843244918039867522e-02
3.092450684796010929e-02
9.371702815327441483e-02
4.704908815216030799e-02
1.358860129294941210e-01
3.039766157171229152e-02
2.113614978495859109e-02
2.182196393812920257e-02
3.107032872553710731e-02
5.601574267431390364e-02
2.234468585413325672e-02
2.899857464923728465e-02
1.874542479500614089e-02
1.699565633195830941e-02
2.480626894536060514e-02
2.072380671554511361e-02
8.929771826330795692e-02
3.060673469531678334e-02
3.991603293606824088e-02
7.368768209592853335e-02
8.005138712496390196e-02
3.179539109399203561e-02
8.038885949073422410e-02
1.065796387270959988e-01
4.780479848888071620e-02
2.559096501248679309e-02
2.747661452947829791e-02
3.800409250221645219e-02
8.075942300727365075e-02
6.952481498144971739e-02
3.803549666541405916e-02
5.218390168810368296e-02
3.323760692552470142e-02
2.261226356726857289e-02
4.696947352401474596e-02
2.455793757711322023e-02
2.425523455239806184e-02
7.714138194211937749e-02
4.802971599364479205e-02
2.229723258656439444e-02
2.057803736961451996e-02
2.044496117848498828e-02
2.363520929042847371e-02
2.609850458602340148e-02
4.110497488270351690e-02
5.025131177839751995e-02
2.483619569542516031e-02
3.903262296879039112e-02
3.718072363820543180e-02
2.784291822541355363e-02
8.832607175314957648e-02
1.028704457490759588e-01
3.516829944792143614e-02
3.769933815647615732e-02
2.051288251937461588e-02
2.842025051813509492e-02
5.716841467545966810e-02
2.037363340478454132e-02
1.837631759376883236e-02
0.000000000000000000e+00
4.704878465129843507e-02
1.253715967942572174e-01
3.622798037534408211e-02
2.958412228597910934e-02
2.373362347030428046e-02
2.124579524872473313e-01
1.458191987153077129e-01
1.844692292336822248e-01
1.327162915483745820e-01
1.816252840028243290e-02
2.140875742827056533e-02
5.042743203693063336e-02
0.000000000000000000e+00
2.246818380100032084e-02
1.783335840682818627e-02
0.000000000000000000e+00
0.000000000000000000e+00
1.293589351477100746e-01
1.774594318978292562e-01
0.000000000000000000e+00
1.531343316931327303e-01
0.000000000000000000e+00
0.000000000000000000e+00
0.000000000000000000e+00
4.600304485115173925e-02
0.000000000000000000e+00
0.000000000000000000e+00
1.610087803535890094e-01
1.728193035960462198e-01
0.000000000000000000e+00
2.017095573829438548e-01
0.000000000000000000e+00
0.000000000000000000e+00
0.000000000000000000e+00
0.000000000000000000e+00
0.000000000000000000e+00
0.000000000000000000e+00
0.000000000000000000e+00
0.000000000000000000e+00
0.000000000000000000e+00
6.920897446566942612e-02
0.000000000000000000e+00
0.000000000000000000e+00
2.606300300751586765e-02
2.255387045698795806e-02
0.000000000000000000e+00
1.179920282811663806e-01
2.534134185198826938e-01
1.561467538335589711e-01
1.196541823626918605e-01
0.000000000000000000e+00
1.408968258120824046e-01
8.470046419623875056e-02
8.802129047001171214e-02
1.258005200404709312e-01
2.253501326065937213e-02
7.963371217725839779e-02
1.028524559028785174e-01
2.398564639237143331e-02
1.977647554924593862e-02
8.230582276745537773e-02
5.073340886880389755e-02
1.954218243633655885e-02
1.139932194140097083e-01
1.681227151768323047e-01
5.136262722134980058e-02
1.927449600450142561e-02
2.026392786432264226e-02
7.908718856636924588e-02
3.627028713822584571e-02
2.066423772580105317e-02
9.344290436727106797e-02
1.363270640450344739e-01
5.608096262637846108e-02
2.554614899032072728e-01
6.494174919151610159e-02
3.424107882814892562e-02
8.657261280910620582e-02
3.103913091275729494e-02
2.753582639444121863e-02
3.366561616222919773e-02
2.445403589612979781e-02
4.512046417637755047e-02
8.392694571379612223e-02
1.359855274692861049e-01
2.076278375058460413e-01
2.382421552643317064e-01
4.540843579224280308e-02
4.169073113320911211e-02
1.397936892543389376e-01
2.419265356823210519e-02
1.644702525797882633e-02
1.719913790661486974e-02
6.323550455823706562e-02
3.356500566497176707e-02
2.172923639446642033e-02
4.197647970047665988e-02
6.724478241088763242e-02
2.679223246247777052e-02
4.662122198512946847e-02
7.897928722026038850e-02
1.890515236814130084e-01
1.078293173251822362e-01
6.597921700080491836e-02
1.562438534544350333e-01
6.778737774854212694e-02
2.635570515477668463e-02
7.026642030110255566e-02
2.050150027166309022e-02
1.836239203788878754e-02
2.361312020940240994e-02
8.093538639195346773e-02
1.197618621165112002e-01
2.019392556718390200e-02
1.483520518307586585e-02
1.636665588600258806e-02
2.700456575350421162e-02
3.545578857097895359e-02
3.740073770464215352e-02
2.239899942853654582e-02
2.407364531680507638e-02
2.631387853786830780e-02
2.190295635442208663e-02
2.099141618564908870e-02
3.606232016505405563e-02
2.217636657667962016e-02
2.375455769387427307e-02
3.365318249713539905e-02
2.026793847527481596e-01
3.665658328578413894e-02
3.251168590370286798e-02
1.890319556102997706e-02
1.920367780291390436e-02
2.451080409810190222e-02
2.062513109501999328e-02
2.053523180102507714e-02
2.097840898612481422e-02
2.104732587742595695e-02
3.386648836561022974e-02
1.813869134078683124e-02
1.780712261217987091e-02
1.891613561145029376e-02
1.650837195209032410e-02
1.827342868521346017e-02
2.278691054174836889e-02
2.561511575730280113e-02
2.232223807761579693e-02
2.792601585089090829e-02
1.862070737577982416e-02
1.777101022583603765e-02
1.716914982779826904e-02
1.781067420641007856e-02
1.913200053729022937e-02
0.000000000000000000e+00
2.033428799009145277e-02
2.363120068290096298e-02
1.864670590414604576e-02
2.041075108761744583e-02
2.154163284927067268e-02
5.702934781237659068e-02
0.000000000000000000e+00
0.000000000000000000e+00
2.452301757261511964e-02
4.552664887268490640e-02
2.736007273573640847e-02
2.966953138572006252e-02
2.625407599208231732e-02
2.134179964754064074e-02
2.501447310661789394e-02
1.883438867201922551e-02
2.285557301189677579e-02
1.989413378615818503e-02
1.894973434470527060e-02
7.571816985554361001e-02
8.427420584008986360e-02
1.180925814857815420e-01
5.315513605364523275e-02
2.969261808885779313e-02
2.418818498155213270e-02
2.341541335465763263e-02
2.705631084856442367e-02
1.590887196293199746e-01
3.006676561758865329e-01
1.155708644694966869e-01
1.184929120252319334e-01
1.171905874586388202e-01
4.750400397663028657e-02
6.506411713367978022e-02
5.779465469851974985e-02
8.526360024191231846e-02
6.502785720781180390e-02
2.977496066178212872e-02
2.795137620064053544e-02
3.162432559059817627e-02
1.124830348292161636e-01
9.738755341782175112e-02
2.816518392946097335e-02
1.706908766485168427e-02
2.217283433849444318e-02
4.252413180225762812e-02
4.380977285898454698e-02
5.977969411618540285e-02
7.062273347355030317e-02
1.582322039723247364e-01
3.321528308288434345e-02
4.654929413029428031e-02
8.207126365216124708e-02
7.024396294270340846e-02
3.654725336657762419e-02
2.717390899985925451e-02
3.061950995195656874e-02
2.458406008986305583e-02
5.336790824272846789e-02
0.000000000000000000e+00
6.557997396952526536e-02
1.854461387450344889e-01
2.308048022697769541e-01
1.606470246951378633e-01
3.879773837962511435e-02
3.870339807361050655e-02
3.810886446073414452e-02
7.731296559201157603e-02
9.223259975429375090e-02
1.557448286866603138e-01
0.000000000000000000e+00
0.000000000000000000e+00
3.068100085929006959e-02
6.326903857694338162e-02
9.228389660951170914e-02
0.000000000000000000e+00
0.000000000000000000e+00
0.000000000000000000e+00
2.405496256383588688e-02
8.940198380179678606e-02
8.298364662438845185e-02
0.000000000000000000e+00
2.756077268501703342e-02
4.986633514154874963e-02
1.764302495278740890e-01
1.868927877121466241e-01
1.212414571794093454e-01
3.507290741224838165e-02
2.696976940966802974e-02
8.616188825336264234e-02
1.749854811503825380e-01
1.243330328072497354e-01
1.087737687203265552e-01
0.000000000000000000e+00
3.797622467514479710e-02
9.453083836308998067e-02
4.331312537984076116e-01
1.501236815603872454e-01
0.000000000000000000e+00
1.895948781798121457e-02
3.320972666574136672e-02
1.959984117371477499e-02
2.441125437287026620e-02
1.947181933286221134e-02
2.011952351257474680e-02
2.774968597649913465e-02
3.738222481149594545e-02
5.569840146106767864e-02
1.023008184461896009e-01
7.572607227083617831e-02
1.736247053799659310e-02
3.658825798526080947e-02
2.110144636709194305e-02
4.703221160105429399e-02
2.242570870747993481e-02
3.950967319579216236e-02
1.253414721688030364e-01
6.795165632196320527e-02
1.866851116308799186e-01
1.890991174706329880e-01
1.650005433927115295e-01
5.281361139199957505e-02
2.639402132257627140e-02
3.135359979683575993e-02
3.271244377247520957e-02
3.653925530492062312e-02
7.341370147568712645e-02
1.496912586760858477e-01
8.247986202358720265e-02
3.992716051280804229e-02
2.751517662783106721e-02
9.169665436961685345e-02
4.201276336008472750e-02
3.504633534767044589e-02
4.360166671407181282e-02
1.940577678337307432e-02
2.126821761290120794e-02
6.871261791165128585e-02
2.164083494962280307e-01
2.755874937996713459e-01
2.393316378279344570e-01
1.799565373722212536e-01
2.492331282991775213e-02
5.077987434140411593e-02
6.575912797354301065e-02
9.121944440425104605e-02
2.052532471405494816e-02
3.265659097755454349e-02
2.038788617234940301e-02
3.079419160928297330e-02
4.469276280345451519e-02
4.701945711146880702e-02
5.713951184125843491e-02
6.820805407461889847e-02
1.453891934076416148e-01
1.171644750720002431e-01
1.242432643503380979e-01
2.273778452059421196e-01
1.557267250879707521e-01
5.658511759010174946e-02
6.794379449217682887e-02
2.700786986227217412e-02
3.231055094943006967e-02
2.239401989551713101e-01
2.001337713955474162e-01
9.197180764317187951e-02
7.024979414993948179e-02
2.436574497592189706e-02
3.585768862086015363e-02
6.730275832416662829e-02
0.000000000000000000e+00
1.259503102144365339e-01
1.938626460943037588e-01
9.809706882331423183e-02
5.107318993581574929e-02
5.489239455390639011e-02
1.043246354753275679e-01
1.742266121607674578e-02
4.668205034809733839e-02
5.561136576318029962e-02
2.047930034787588671e-02
1.918649719640895882e-02
1.040727144153602846e-01
3.824620702772370262e-02
1.802021218373071887e-01
1.089633447168045222e-01
5.143946421566904931e-02
2.649806341307278310e-02
2.481419360431794119e-02
5.088821367335106399e-02
7.883268177065760884e-02
6.055865961715548029e-02
7.586892711981588211e-02
2.744573554425134426e-02
4.226092237069885987e-02
3.378960909298618642e-02
8.948529672599223050e-02
1.029301889249742280e-01
2.502112329940399046e-02
7.114196578924272818e-02
7.182388277562352930e-02
4.205275032148590719e-02
6.254447320198584792e-02
8.693768866575302123e-02
9.373574147258731393e-02
1.039949025337223165e-01
1.384763461465262913e-01
9.311025180882992469e-02
2.957583389609410446e-02
4.561292195739454630e-02
3.092612413138835434e-02
3.615281294568199050e-02
3.903831572152736268e-02
5.403557957935731237e-02
3.025778399024060469e-02
2.301775740057870889e-02
2.528104033647871757e-02
1.401217369493008291e-01
6.640947266557177542e-02
7.745636412839276841e-02
9.368578297455773529e-02
1.105160889884871794e-01
2.522916425274547916e-02
3.075560121022535495e-02
8.094064831740724331e-02
8.240914987106730261e-02
4.895746694783670305e-02
1.249132988540672534e-01
1.649800963957315514e-01
3.407833552552639450e-02
3.398319631575091176e-02
3.712729421446556155e-02
6.074954183203388342e-02
6.437546650359159128e-02
3.055023826490308944e-02
1.757539758100648900e-02
1.954849965617555876e-02
3.716866138425418964e-02
3.277334920664162071e-02
2.009798421304554231e-02
3.952662508068699454e-02
3.008412132829492783e-02
2.466913249242146805e-02
4.217708003351916535e-02
2.295688736974157290e-02
2.081106268059173051e-02
2.056797873824164208e-02
2.508008991422266964e-02
3.184258522756328036e-02
2.575879072131891101e-02
2.751293866647091732e-02
2.372578810242848002e-02
5.216686695318285827e-02
2.409846380676019043e-02
3.017930623552099803e-02
2.760975172508715880e-02
2.289993373675819344e-02
5.989403593686895566e-02
2.808631264345399711e-02
3.573550534758398317e-02
1.174153432432786665e-01
1.579181010058811896e-01
4.967848402415814962e-02
5.611939987665921781e-02
3.205015233221947951e-02
2.115894375604338712e-02
4.048692052823082282e-02
3.722908094431098824e-02
2.630786533913446329e-02
2.174876016906848383e-02
1.918185494244971367e-02
2.737165109779571628e-02
2.081066787441388996e-02
1.806165065546273124e-02
1.925079042346363595e-02
1.811282374163347003e-02
2.049494364750658118e-02
3.231028053437744185e-02
5.102738098859056076e-02
2.563790850020357046e-02
5.784815480267378740e-02
6.259402443109128578e-02
5.861457417862016989e-02
1.000962077054267096e-01
1.072671338285486053e-01
6.497096791887813083e-02
4.367461110992967160e-02
2.252932081750610993e-02
2.296473959358981409e-02
1.713210204673606268e-02
1.824613256038478543e-02
1.418995114429160050e-02
1.551705936046553387e-02
1.409591355404136472e-02
2.277163433520546995e-02
2.397699664038525566e-02
3.470385570953098131e-02
5.701863122524100658e-02
2.819229151524045573e-02
3.681486473339819904e-02
4.673487266417380298e-02
0.000000000000000000e+00
5.572650669839840365e-02
2.184070187825003229e-02
1.401771785041079112e-02
1.611932990860722240e-02
2.034555757716794908e-02
1.829764261909412257e-02
1.740351870335150528e-02
2.834435175640279830e-02
2.073884726994881106e-02
3.414878328640423566e-02
0.000000000000000000e+00
2.651835351991278442e-02
3.309824391522431242e-02
5.553523954920620148e-02
7.115307303646249693e-02
4.459244165909925089e-02
3.301301153211200212e-02
3.928661621516851138e-02
1.700017012500939784e-01
3.964345741478806501e-02
3.203587890732886856e-02
4.800506177938923535e-02
6.216555337681107379e-02
3.442358368487344333e-02
5.546346408859395560e-02
6.992802715070134401e-02
2.677203522587246615e-02
2.941871364863316712e-02
2.985272616184430489e-02
5.833254604620140282e-02
3.075951027673572841e-02
3.656060957015024038e-02
3.226328423893898983e-02
4.598930102834410810e-02
8.441850410287542184e-02
3.766683257329354884e-02
5.177961960230084010e-02
5.191659540533767603e-02
4.614795018370260182e-02
4.776082715414217694e-02
4.794545083525061924e-02
4.392254140716689292e-02
4.009422275384630363e-02
4.322072650928080600e-02
4.704070996009977051e-02
2.700992995980259007e-02
2.447498056278719913e-02
2.549807077000204938e-02
2.319176542401790372e-02
2.243701984237504721e-02
1.041997467924591636e-01
5.248808568651885248e-02
5.065418229415658696e-02
4.235075612966229808e-02
0.000000000000000000e+00
