0.000000000000000000e+00
3.364130200786173656e-09
4.395764645029152780e-09
2.455223876020356569e-10
3.842675766806052981e-10
2.760655943921015360e-10
9.422174283136074019e-11
1.673679846550821049e-10
2.901361711141598545e-10
7.263359308565059607e-11
7.323615472136348119e-11
2.892216849796428921e-11
0.000000000000000000e+00
2.479836684462032111e-11
9.811576272332193681e-11
2.599746063392873258e-10
3.574507406487220609e-10
2.679220224319660280e-11
3.251598494984017823e-11
2.991879568353310032e-11
3.021459508835403824e-11
3.977291438551430742e-11
5.848917028595767756e-11
4.659106534237003458e-11
3.707078887621522490e-10
2.580077335087021950e-10
9.724289998507822144e-10
1.245514314699348037e-09
8.016535634651430849e-10
3.022861190966398076e-10
2.408505044319643679e-09
8.731297263002458027e-10
1.457117336548763501e-10
1.061598268995208077e-09
1.814459983811322221e-09
6.176775827720504657e-11
1.300138842735303709e-10
1.922082143703784404e-11
1.858346700789528715e-11
3.582608531451544231e-11
1.474476186339011191e-11
2.099680314803349094e-11
3.001212178876311132e-09
2.123986906853155618e-11
8.047896294111220312e-11
8.642610429992333950e-11
2.049374011109692108e-11
2.920083330548623621e-11
9.747613914378010405e-11
4.499160591022332313e-10
1.301201862463085399e-10
4.178194360143800264e-11
2.969287673268538225e-11
1.591732713900043490e-11
3.481932376137178306e-11
6.893600185665778602e-10
1.677514928105012318e-09
9.598564298536802300e-11
1.766227818850022202e-10
6.756379239245590824e-11
6.812422686710150217e-11
3.966484896887242993e-10
6.434596678016216770e-11
3.722050920510172533e-11
3.946755493345952140e-11
8.412911250025210853e-11
7.206756647392333391e-10
1.769262006908419449e-10
1.574922016954550092e-10
9.650947817415973132e-11
5.344917389836822950e-11
2.282298967769717717e-11
6.718974117297446681e-11
3.130961511673214524e-11
2.303480726359696681e-11
5.885752295906530245e-11
2.899667169723467831e-11
3.454468607556369375e-11
2.561980190994615303e-09
2.825869679219618919e-11
2.957795323568347043e-11
2.278318833703607792e-11
2.386048478895808385e-10
2.228075181256408827e-10
3.808627621142393248e-10
4.083657559926650408e-10
1.929084727570747092e-10
0.000000000000000000e+00
0.000000000000000000e+00
2.833531637904502709e-11
3.523706220651224732e-11
9.217787168573114197e-11
6.808554886359620149e-11
4.180382808138798074e-11
8.853583812214907622e-11
1.059318462177892193e-10
4.156557193450000178e-11
2.163106681739827643e-11
4.225975035139905740e-11
3.127561956169329062e-11
1.150117767581865405e-10
8.596327848056095385e-11
4.115751429311125242e-11
8.094196044453075249e-11
4.155792190968067139e-11
3.408253745225871646e-11
1.905875132140020063e-10
6.735432232520749818e-11
2.529365568760208231e-11
5.825411100062472233e-11
7.159243375669308615e-11
3.651663533609508576e-11
2.326478843873661661e-11
3.668692752296158872e-11
3.785193718184518609e-11
3.257334391019485731e-11
4.150030134503418917e-11
5.412929700562769045e-11
5.137480842498998213e-11
4.227838278649053656e-11
4.436053333498103199e-11
1.628994535937792615e-10
9.204066863912735331e-11
9.393827304861019187e-11
3.870073952249057219e-11
9.105632691916996764e-10
3.349377769674991546e-11
3.763803398584886026e-11
4.673510044922345079e-11
2.878824850233433780e-11
2.477560420525147201e-11
2.633961487068434780e-11
4.992909871810876301e-11
2.064174496229070845e-10
4.985697571013040848e-11
4.600867506396943969e-11
2.731313878782465404e-11
9.769520549581207253e-11
3.654018874372199710e-10
2.497571547869712311e-10
9.301873419973062852e-11
2.153255709605671857e-11
2.588692139617884292e-11
3.875518210668567242e-11
0.000000000000000000e+00
0.000000000000000000e+00
0.000000000000000000e+00
0.000000000000000000e+00
0.000000000000000000e+00
0.000000000000000000e+00
0.000000000000000000e+00
0.000000000000000000e+00
0.000000000000000000e+00
0.000000000000000000e+00
0.000000000000000000e+00
0.000000000000000000e+00
0.000000000000000000e+00
0.000000000000000000e+00
0.000000000000000000e+00
4.477874130981253325e-11
2.023092629427709196e-11
0.000000000000000000e+00
0.000000000000000000e+00
7.350107145872899263e-11
1.144422275911044102e-10
3.443881121474785306e-11
1.710036540950941891e-11
2.053179774973577530e-11
3.456839438111969986e-10
6.406277497463255187e-10
4.963493990566208935e-11
0.000000000000000000e+00
0.000000000000000000e+00
5.496113146572741331e-11
2.409551085182072578e-10
5.782274913067872099e-11
1.218830022044660301e-10
1.503491958857891090e-10
3.214214250991269096e-11
7.093134207052639494e-11
8.432648842421530850e-11
5.371334745235378088e-11
5.141745009837411296e-09
6.990848513767193961e-11
8.662891566181635412e-11
1.190389391326134907e-10
1.414308619583471035e-10
1.030162233722859027e-10
3.788926071881264062e-11
3.386878389910325822e-10
7.474495990796593242e-10
1.748949807348605697e-11
4.212146284025403056e-11
2.131834801348579370e-11
2.714172327269988846e-11
4.215985012735672441e-11
3.157629770993572612e-11
4.961978795810268745e-11
1.698526159975722489e-11
3.233074670228914586e-11
3.180307674902539057e-11
9.620919992485844791e-11
6.609320961200040616e-11
7.811846960912773714e-11
7.864379508210104847e-11
4.853320138047510526e-11
3.587964092478195562e-11
1.326955926399170350e-10
3.673911498623314280e-11
2.308460642981865188e-11
6.626860292646132587e-11
3.988187365157784345e-11
3.338457634503782911e-10
8.305258210431619078e-11
1.157603645627132150e-11
1.910300714913775769e-11
1.929075373293279788e-11
1.401737402530331596e-10
5.154500111082724631e-10
8.420981652023222379e-11
3.356446554536177143e-11
3.062469845403824049e-11
2.276214943537689998e-11
1.867183752122679496e-11
2.605197089440689444e-10
4.748493594740965311e-11
1.634842815152829828e-10
6.197429574343149462e-11
9.435918653379986961e-11
4.759772160802124046e-11
2.394613101801499656e-11
1.555148626701397819e-11
1.634723645253782535e-11
4.253198014692386552e-11
2.053983177239404982e-11
2.628636695174559531e-11
3.627542253044581745e-11
3.659662569810533844e-11
2.329042969471684757e-10
1.456844602723894680e-11
1.416612153418122083e-11
4.823871956432690917e-11
2.121053130717503253e-11
1.395372652661180926e-11
2.113411481089813632e-11
2.629065679080226045e-11
2.120366728069063416e-11
2.680537302977753293e-11
1.884180105471766039e-11
1.778705079068622528e-11
1.898606662200492498e-11
1.804167663563272257e-11
1.123479815820387971e-10
7.327896540639991491e-10
1.418567814456075386e-11
1.122052425229130907e-09
5.659290644557938949e-11
1.532581276220966704e-10
3.069796014573960128e-11
1.791815378135347018e-11
2.014944123275474647e-11
0.000000000000000000e+00
9.554393050066896061e-07
1.622968778086308011e-10
7.705832131542318350e-11
2.141542784389183499e-10
0.000000000000000000e+00
2.193883718685477352e-11
8.910932833898274081e-11
2.473145121389353403e-10
6.474573116421106196e-11
2.349413755881341436e-10
3.398911054617788502e-11
1.103544993311981536e-09
2.382171954975067513e-09
8.093059551049927148e-09
6.533574590809962006e-10
4.459292340877566143e-11
3.092101985834336299e-10
1.300796946381880625e-10
2.815722273680613188e-10
1.082914691534613744e-09
2.419340512729769681e-09
3.926520614409962507e-10
8.999347414780774920e-10
7.210547350190557666e-10
1.683847447170201781e-10
7.997015162006742343e-10
5.646226470668810105e-10
4.500376200710772056e-09
1.294920980419041771e-09
1.472884149866844719e-10
5.753773745662828236e-11
5.766183374982417709e-11
8.762690449874113451e-10
9.517622666697524586e-10
3.858999382869213826e-11
4.192481727772778187e-11
8.567907550610469097e-11
3.277358467485288582e-10
8.100640283181502500e-11
1.406289102096363255e-10
3.544733978115845175e-10
2.336784646338157975e-09
6.695574206012766013e-11
7.912698251365736138e-11
1.388320946349656364e-10
8.747680301106886641e-11
3.785833000242721075e-11
2.772580185472931702e-11
3.964190684697012674e-11
3.184488530463170994e-11
1.527009871090711642e-10
1.112320836462206175e-09
1.090438727211772925e-10
1.197929479391456849e-09
6.743999363606733208e-10
3.823063179484692876e-10
5.405179767693017571e-11
4.236508364705835384e-11
3.736107995177124466e-11
1.136094900189503577e-10
2.073904662042122217e-10
6.950007846581006732e-10
9.398749917550709873e-11
2.925955421520027367e-10
3.057194533763407279e-10
4.566209578000183138e-11
3.315282814802483724e-10
5.939586792958644654e-10
3.565627790978834251e-10
1.011327395051334765e-09
1.547867455632497593e-10
1.590153288658710890e-11
1.330668028050176715e-09
4.393051523331187633e-10
2.472990929481232789e-11
2.225151425240015906e-11
7.577119286719366878e-11
3.762331039703788954e-09
1.916200796193739482e-09
6.295510749353939825e-10
7.895264089768570902e-11
3.976904176432354970e-11
4.019961851304159023e-10
2.844851642464189263e-09
7.269110659583178085e-10
1.160662127175884391e-09
4.624230739601753329e-10
1.353106925972691811e-10
1.458351596659535660e-09
1.128509672574062736e-08
2.261117806040419697e-09
9.558338242113744578e-10
2.780168614451569182e-11
1.201433884049345097e-10
6.079092938853226950e-11
7.534678150283228926e-11
2.306296656352771240e-11
1.958322894597421187e-11
5.073294530875369007e-11
9.712221840077487195e-11
3.065229775945105241e-10
6.713305169698814278e-10
3.169928700953049824e-10
2.367949867042641325e-11
1.859504711794268829e-10
4.973560546160663864e-11
2.917719893605983718e-10
4.487832649080442486e-11
1.331396242524191088e-10
6.368579656148309867e-10
4.197703782849273123e-10
2.086343213401660828e-09
1.830752244909537132e-09
1.350941019455416012e-09
2.892886135628192570e-10
6.776752103334274514e-11
2.118599529202876008e-10
1.082543301880691473e-10
1.372313884281151849e-10
4.920120438158913153e-10
8.885639476836585365e-10
3.337033945954472335e-10
9.927720242915938170e-09
6.943478087833589745e-11
1.333972738063399684e-09
1.840500104266366179e-10
1.001478288537109810e-10
1.458500444299689399e-10
3.355833448323504244e-11
3.301945114086937450e-11
4.663592929700399365e-10
2.109266333964205271e-09
4.489572026341756914e-09
3.420813768693633597e-09
1.703591239387526368e-09
1.254461490261317055e-10
1.373449328106635940e-08
2.804029193941750015e-10
3.859952943948125785e-10
1.832807231260217902e-10
9.188263420797046584e-11
5.972257391026634969e-11
1.949208905191198834e-10
7.200817627285395627e-10
1.727732318847730618e-10
1.649875499981176168e-09
6.081533661326571424e-09
5.390586415814461210e-10
2.991277040489625763e-10
1.966222709387961191e-10
8.867686509000913239e-10
5.334351632589726217e-10
1.858561906993320193e-10
1.747558507972490768e-10
4.840129896053876968e-11
6.108038559440201673e-11
2.253320439180676493e-09
2.032013516315421839e-09
6.668754022572555975e-10
5.655793599237387739e-10
7.664439469594932261e-11
1.767639769757491652e-10
4.699050252087762402e-09
7.146792268491640359e-10
1.217714956809526012e-09
4.195738966341387587e-09
1.282276835222606820e-09
2.911493849030222477e-10
3.457142424512353417e-10
8.598062077291000393e-10
2.644654983558550556e-11
2.799799441315866176e-10
1.223538164798709206e-09
4.013289116112937719e-11
3.585381293056054794e-11
7.019752993396904001e-10
9.590344651789158915e-11
5.519193849637719119e-10
5.193475538701417350e-10
2.299783237105327512e-10
8.745310711212198885e-11
6.895594451942837402e-11
9.040479056864197735e-10
4.079375646172846742e-10
2.510484754209513415e-10
3.291654643081765589e-10
7.653206233266128895e-11
9.714869203070850668e-10
4.523123957823664803e-10
6.217919153938561868e-10
4.686437289260539539e-10
6.605033790822581869e-11
3.254721047308911424e-10
3.098299555807931422e-10
8.298192034128982620e-11
2.424756676328170910e-10
2.659783789287416182e-10
4.043471525681263747e-10
4.854075910142598112e-10
5.874757344012974747e-10
4.392387893395879552e-10
9.363918556277000382e-11
1.428544921814060186e-10
1.142728925533180291e-10
1.554259924345125859e-10
2.119587757829115424e-10
1.671585168205668550e-10
9.783105117683083819e-11
5.654896228596620228e-11
5.988068873899766690e-11
4.081947684557115587e-10
2.173969334509524264e-10
2.319023117406571761e-10
2.819160397793373537e-10
3.844989217517895695e-10
4.928502586306805266e-11
6.164266155274890200e-11
1.878726630442582331e-10
3.775865792465365362e-10
1.638201337377974679e-10
2.699766149555409536e-10
3.801630236245569854e-10
9.005765032775808861e-11
1.138323806920051739e-10
2.093500554731457519e-10
1.400484513337313056e-10
1.357567545334253108e-10
1.509409753237768691e-10
3.535414509025886055e-11
3.835917305593872035e-11
1.227036052850084732e-10
9.973765469812687809e-11
6.712007175519245926e-11
9.192115776914970881e-10
1.968539528821376435e-10
6.402190162130670055e-11
1.253934577535433835e-10
5.207704479255960364e-11
5.162292429293472402e-11
4.563136418439927747e-11
5.008305516468025633e-11
6.580707356383289195e-11
8.365131114782273702e-11
7.342214708377220803e-11
4.882612048033425980e-11
1.414982999464875441e-10
7.356487941733119958e-11
6.153502752338001803e-11
6.116970528982309513e-11
4.861734097589599480e-11
1.596680943458775610e-10
5.429321629504121323e-11
8.458001109221218846e-11
2.949369569174504115e-10
4.035166774287569543e-10
1.378886071403719348e-10
1.620973920059758449e-10
7.578802974802080801e-11
3.672672831253636847e-11
1.329094135567249675e-10
5.395422840962477946e-11
3.479713959248675916e-11
3.370100075494951427e-11
2.575301448041381078e-11
3.921009532052565934e-11
4.922688685079743955e-11
3.395265745840959368e-11
2.882211006199087346e-11
3.915078725207827418e-11
6.724613088439377691e-11
4.965004914950731901e-11
1.001217137399187259e-09
6.496721856842636084e-11
1.426505729227967077e-10
1.828823168333504610e-10
1.788282020257575000e-10
5.268974478739593215e-10
7.192478788316132157e-10
3.208395730596666374e-10
1.874934428267812652e-10
2.932447054270631482e-11
1.104519501704951124e-10
2.265449112484897590e-11
9.490598613071430642e-11
1.368885707839577051e-11
1.939070692251790616e-11
1.433859779446579562e-11
2.935960369457549489e-11
3.173661391849676525e-11
5.112208340751367667e-11
1.552992952437700324e-10
6.743108583691946827e-11
7.919787943879670201e-11
1.560596518462607103e-10
3.649072966904641747e-10
1.808981028539389683e-10
4.599693689523341890e-11
1.196100134183471882e-11
2.325795351190241520e-11
2.669226421227409892e-11
1.855178954660245964e-11
2.188938159779757658e-11
9.305050978191020118e-11
3.581142757452382631e-11
3.568252360817965950e-10
1.565607948357064726e-09
8.009462780163827717e-11
2.759849394793579385e-10
2.123160137956849556e-09
2.317538704664426746e-10
2.095903450303576922e-10
1.362973137757680323e-10
1.875767307497913774e-10
4.007938225490861351e-09
1.813139646863466825e-10
1.234016453581844254e-10
2.100874319543906689e-10
1.386944813866399960e-10
9.894237946708162700e-11
3.408029174891526856e-10
3.194259799185147820e-10
9.101671643194256555e-11
2.092430584352127692e-10
9.235557240877215488e-11
4.319113294236726001e-10
1.971520810873820076e-10
1.355040771462357534e-10
1.010826749994197469e-10
5.544933874195294500e-10
9.321123071306915581e-10
1.678431883278611435e-10
2.908882669833030277e-10
2.920983389026026452e-10
2.222281026990604890e-10
4.533257008523591625e-10
4.661682326544185619e-09
4.186990054147830024e-09
1.093559050317234418e-10
1.876802802403197737e-10
2.939330352974184896e-10
7.456609901112924757e-11
5.154644232043440201e-11
2.383022807960039344e-10
5.808881834062317864e-11
6.145592933509872039e-11
3.457956442809010009e-09
4.227687883882458308e-10
4.564666882563485218e-10
1.906810307924900222e-10
0.000000000000000000e+00
