0.000000000000000000e+00
8.581261066438520580e-11
8.961076907053099919e-10
7.021717118509094024e-10
8.709496869219319426e-11
1.183883088487830050e-09
4.128422398165966810e-10
1.701398222750621436e-10
2.295517175180209805e-10
7.988916266332285388e-10
1.648131631619568144e-10
1.186814692947679428e-10
6.572739652145000337e-11
1.281199575102850190e-10
5.697561111107029025e-11
1.466442351551986436e-10
1.543028343825462379e-10
1.985091952679985329e-10
5.108603844896980532e-11
8.459423762539525164e-11
6.998057641073866249e-11
7.090619290069515490e-11
1.147165307291943281e-10
1.422827969386254259e-10
8.097472930450939352e-11
3.035650358439808849e-10
2.643935420153928944e-10
8.404895719589423692e-10
8.619517146891910156e-10
1.839082748385256145e-10
8.023757979984537314e-11
5.595145110065397303e-10
3.437156209569063220e-10
6.576891392339275106e-11
4.794714195050158633e-10
6.327873093451781373e-10
5.765124783933953932e-11
3.126867336232455682e-10
4.017374699793161552e-11
2.955200765621584676e-11
9.556653076292252082e-11
2.782619403367025363e-11
4.048123242682925999e-11
9.150469646039306232e-09
4.397976384824469427e-11
1.217448955602597940e-10
1.188494377559760912e-10
5.965860311360705851e-11
5.983299323985346914e-11
1.294949504162082663e-10
2.437315843719696584e-10
9.051314350589344354e-11
8.834364981726055387e-11
6.176393694612459554e-11
2.583292772062373207e-11
4.135935777179269917e-11
2.279628632439564090e-10
4.347445054276529443e-10
1.011205580028073681e-10
1.442835923583227222e-10
7.046188447304774835e-11
1.371921502883399948e-10
6.223728346287852326e-10
1.687155918070899281e-10
9.059670119831373877e-11
7.917838184621153822e-11
1.400420821734452876e-10
1.854396523638389425e-09
2.588316568587332610e-10
2.789816894359129528e-10
9.831285379256975366e-11
1.599138041782634632e-10
4.205032315130540763e-11
1.582341349046801734e-10
6.934300581963163237e-11
4.563973984003600234e-11
7.530811235211113338e-11
5.378238990081908384e-11
7.759368389559544181e-11
4.048977806125291392e-09
5.515266552254227650e-11
5.916162148352766882e-11
6.658666504524778136e-11
8.572831723157265750e-10
6.486347106429407668e-10
3.534548165816360733e-10
3.699694802273682983e-10
5.557079567487605517e-10
2.722222069318742891e-10
5.252973565164582644e-10
9.196634948736204654e-11
1.006193108027284942e-10
1.109768913251327840e-10
1.583841530899956608e-10
5.080606658835066143e-10
3.127909868752315864e-10
5.422989671642357887e-11
4.225164924186707683e-10
9.209495278438242634e-10
6.982427714344291969e-10
1.655215883654286713e-10
5.108096903057182967e-11
6.846207321162207819e-11
5.843622298273934043e-10
6.130510631207287085e-11
8.152302901954258511e-11
1.013326811180633763e-10
8.994286883323593944e-11
1.035713505602408353e-10
1.690154415263451826e-10
1.048538879295922738e-10
1.154923104627311765e-10
4.175320449695934507e-11
5.661429553495592267e-11
3.804964803033270417e-11
7.913369951088555031e-11
7.771157928885960860e-11
2.024730019234173062e-10
4.461542685373287843e-10
2.328950784560634011e-10
4.047036592934360486e-10
2.534144131234634161e-09
3.674368762762175844e-10
4.360948548037305210e-10
6.572444054244594254e-08
6.953599880339304669e-10
1.139859917032531001e-09
2.001628431935395611e-10
4.160193647507779166e-10
4.712821743050169327e-10
1.849976045803922534e-10
6.408433781413898841e-11
4.796831157249557323e-10
2.978447921881292567e-10
1.628202602145392825e-09
1.065951565896572063e-10
9.972997607400333871e-11
4.815064747996782984e-11
6.633825498564640784e-11
2.279729913290161714e-10
2.685840700885305062e-10
1.597749953414132168e-10
3.913726761814111080e-11
1.056718455039855284e-10
3.114622945144404985e-10
9.765246428877855860e-10
1.059830799256320061e-09
1.057223647641562537e-10
7.191103002267277542e-11
8.120894750510754280e-11
8.058130910267645027e-11
3.115962090886640594e-10
7.504284628865269612e-11
2.112458713550055191e-10
8.854130087719378726e-11
4.643084779914540586e-11
1.052150496747052772e-10
5.942898908667026542e-11
1.605469652165937001e-09
7.861251315632851212e-11
1.205766366634578997e-10
2.779922461788285954e-10
6.021072134686445681e-10
1.431779233110842107e-10
3.245601761150987311e-10
3.634349491451815578e-10
2.471328368860160690e-10
6.622048616697875094e-11
1.721628280976075262e-10
4.100656592050550951e-10
5.119361871683074160e-10
3.646191979219063881e-10
2.165898828011926349e-10
3.433854860359121833e-10
1.438581473537889006e-10
8.384216053821144820e-11
3.051883060110580725e-08
1.274352769482511242e-10
7.095818371506217195e-11
4.464605545417669815e-10
3.522779256623449795e-10
9.040947576123643171e-11
4.809721633126978550e-11
6.935040477455720327e-11
8.860890713243334859e-11
9.928582420609364602e-11
1.603995833204721629e-10
3.249804669474417614e-10
1.311839762973664161e-10
2.646855223987866999e-10
2.623552019023521254e-10
4.505633040830006343e-10
7.649994031343542868e-10
6.504887939536789804e-10
1.747967278702070430e-10
9.645644349190267045e-10
9.998678006220410908e-11
1.974378050246642365e-10
5.340981312704648310e-10
5.553154557634642937e-11
4.280107067040451600e-11
4.811270901098940049e-11
3.919918552988337302e-10
1.403080779643327204e-09
2.147792342266436275e-10
1.025237600500703000e-10
7.062694813278651708e-11
1.131318903242009960e-09
2.379734121328422039e-09
3.605881976098916237e-09
1.565654068427275298e-09
4.878240152660673482e-11
8.023020889506629887e-11
2.016017411595482224e-10
1.243925328277524530e-09
9.512358021574329783e-11
2.063079376539667185e-10
4.220758913961150731e-10
4.949539391675485736e-11
4.305111064237882026e-09
1.028544147095933237e-08
5.495556314813538413e-09
2.877864401704121498e-09
1.551997628359062888e-09
2.220876490200852444e-09
5.725088696262486275e-10
3.254193610775663661e-10
2.592876261193777787e-10
7.878032629276592162e-10
1.850465591951110327e-09
4.367585116767202376e-09
4.793071071767459441e-09
1.798636739485235847e-09
4.733854219893864379e-09
2.238817529803340174e-09
5.482298878827571938e-09
4.418833031456843508e-09
2.717367908491826913e-09
9.696010173535409263e-10
3.405983903508057780e-08
1.304543659994047498e-09
2.167238251515322002e-09
5.102545407224686776e-10
4.415689075091160726e-11
6.042888547230544827e-11
1.438206307211051059e-10
8.407534880986114211e-11
3.507889167725425985e-10
8.110700935102805781e-10
2.537763805624223190e-09
1.343901601421974525e-09
1.487106312406633136e-09
4.566817223246524028e-09
1.604316851881646394e-09
9.974389542428487241e-10
3.443046831299267435e-10
9.902961235486994019e-10
1.586132949275958513e-10
3.799007739192941547e-10
6.034694879087505010e-10
1.130568953518184414e-10
3.886969592408923086e-11
5.891187655294089383e-10
2.745199713338820081e-10
5.409063064326279292e-11
1.524286198959446850e-09
3.264171756840376330e-09
1.761256686386254611e-10
4.113274972664739586e-11
4.337318008719130050e-11
1.199643036075627185e-09
1.239218270051504746e-09
1.058990014525129693e-10
2.197110126486629639e-10
2.504955112801889899e-10
2.872081398936100669e-10
1.951559038566176804e-09
3.081195531573668321e-10
3.243866225327361405e-10
7.639744186038176041e-10
1.032022826187022522e-10
1.327609182335039514e-10
2.960990703814131194e-10
0.000000000000000000e+00
3.875772812528143180e-09
3.810844477953050839e-10
9.149398919866316870e-10
9.811877318553578631e-10
9.070848850034385697e-10
4.250476188673170217e-10
1.834459973225972658e-10
2.172401876905850025e-09
7.795417821237641445e-10
3.948745773088743603e-10
9.068134823748217737e-11
3.000734138648875405e-10
5.750486580137658961e-11
1.109984736798908506e-10
1.106444148288154775e-10
2.308368096123098639e-10
5.466865872219940302e-11
0.000000000000000000e+00
4.040670876011436475e-10
5.985077234741515533e-10
7.633178704477087458e-10
4.021437381109786800e-10
5.081409859657404051e-10
1.270851604072414318e-10
8.643107161109084139e-11
4.548428139020996450e-10
1.010968911022659680e-10
0.000000000000000000e+00
1.566444165584960689e-10
4.705249601886386563e-10
1.244039977457993422e-09
1.773789102584437321e-10
1.740597132276001545e-11
3.618379678701294039e-11
5.215061753170315742e-11
3.418463146913246165e-10
1.007096110576249384e-09
1.697967794408594069e-10
8.290214620998156012e-11
7.021601982813245203e-11
8.492009369645832444e-11
3.152972414810917886e-11
5.501032130891133620e-10
1.414055399969160284e-10
1.708399147489018135e-10
2.341079975273582789e-10
6.747269818925987484e-10
1.309623569648270037e-10
5.322845472163794272e-11
2.678525032582029758e-11
2.592913901969416402e-11
1.074239813307875170e-10
3.533711068681644737e-11
4.561111111500167301e-11
7.822590425154577777e-11
1.275577491265775131e-10
8.308620307856918272e-10
2.446108122407368223e-11
2.670275440057776547e-11
1.000117483282735148e-10
4.609185825658577703e-11
3.911130569595733774e-11
4.992179208024327360e-11
6.078421515094433743e-11
6.416423518725110799e-11
5.966545925828537067e-11
3.991839504612927820e-11
3.315145772040509297e-11
2.833486335881544010e-11
3.061291602990144308e-11
2.158387497633939460e-10
1.947418404244160934e-09
2.755256319096274900e-11
1.313848679174255828e-08
2.416651560718757133e-10
1.190717967979368942e-10
1.201055928639865577e-10
2.281998023169467238e-11
4.678042547273744114e-11
4.633975616416232874e-11
4.967940828750155288e-08
0.000000000000000000e+00
5.036507486715234064e-08
4.621137550367542685e-10
5.054031276496077695e-10
1.030734424568651476e-10
4.382795626470093564e-10
2.363235781633140442e-10
4.409356250299897749e-10
0.000000000000000000e+00
3.201409161427646314e-10
8.452137928189621567e-09
1.771991952627861982e-08
9.307771643894890788e-08
7.517659383286463847e-09
3.862023506467984682e-10
1.638272041594923447e-10
4.395139047951698031e-10
5.604871289550655701e-10
7.981343704802255370e-10
1.166488189034042855e-09
1.608110192402457540e-10
6.452441464704520657e-09
9.472434851447012304e-10
8.925965946907822879e-11
3.186659014416090819e-09
1.846104132468902991e-10
2.851267512039209167e-09
3.639389138829361256e-10
1.921310790675223357e-10
8.264498375291912811e-11
7.886025741666620257e-11
4.535750671582558084e-10
4.147058709693334772e-10
9.084139936494145536e-11
1.259863364102894944e-10
2.170327464719867964e-10
3.125975725409754025e-10
7.905522822158861382e-11
1.799568432699081143e-10
2.465704251331437550e-10
4.033581288348816597e-09
6.203818903027885065e-11
1.954590809541824875e-10
2.185785343027287978e-10
1.073638518543712782e-10
5.586320132322384982e-11
5.048984215428766414e-11
1.049524454496982711e-10
1.105864767518295746e-10
2.730202735563427069e-10
4.431369210958145087e-10
9.126601073874785366e-11
4.946634802645267959e-10
3.309543149612784554e-10
7.155521818445006492e-10
9.931316377906217316e-11
6.121057102957961796e-11
5.058848738191614753e-11
1.272055973444517369e-10
2.483245479409341766e-10
3.981055774801243801e-10
9.173153927788267304e-11
2.636276238918011280e-10
6.538205699705313579e-10
9.576472763845734834e-11
6.736705435493410575e-10
4.639841650360913671e-10
2.135047502140972465e-10
2.666856236229943342e-10
8.759660295338610772e-11
3.975879948633721417e-11
5.029707259051634729e-10
2.273041025549774537e-10
4.514532287730178775e-11
4.167855211239693600e-11
1.903334950866063383e-10
1.636621436113215700e-09
8.961872941535768193e-10
4.966699642098523167e-10
6.803359047388155061e-11
1.139317334017376997e-10
3.611436360017040033e-10
1.118280706995627332e-09
2.437531116720056180e-10
2.903099544360401073e-10
1.165180534661935738e-10
5.625997371182572538e-11
2.951699330914872682e-10
5.901355117533102314e-09
2.124635364889744111e-10
1.027594356790875394e-10
6.028858945020837618e-11
5.929667154932181943e-11
6.543273277631983655e-11
4.663931227206107051e-11
3.614065808233774161e-11
4.146246385208597221e-11
8.637528637585654585e-11
2.511448568001036145e-10
3.712847105208664592e-07
1.466757721243368459e-10
9.576897183488109838e-11
6.016423061598081434e-11
7.259209095043915381e-11
1.460814942638815990e-10
5.559766866092691234e-10
5.605021974122806192e-11
9.254077726049421974e-11
2.099728123273504664e-10
1.998654476318825646e-10
3.642481129155738612e-10
3.475734032907265863e-10
2.964682304195050459e-10
9.312275308610517535e-11
1.025117758966250361e-10
5.339882088445515431e-10
7.397882018020507370e-11
8.196178774318471049e-11
5.431615802700134872e-10
4.500986247803131366e-10
2.230960715019153054e-10
6.920417763263856756e-08
9.153936980541995175e-11
1.819487316865229439e-09
1.369545343595836287e-10
8.869108303374566459e-11
1.082844067578931052e-10
7.955302692182475835e-11
6.698176718864406071e-11
4.316636203406503288e-10
1.042997569001283788e-09
2.395437557572248104e-09
1.029797884261228336e-09
4.627782060056916637e-10
1.686547967970227028e-10
3.194850643832471896e-08
3.285891564182098550e-10
1.671435687618634285e-10
1.135397534595163651e-09
1.054420897847597120e-10
1.107499465867923752e-10
3.327959602030313500e-10
9.768107000187367539e-10
4.010077330886812547e-10
5.700919145013646839e-09
5.514102700848971286e-09
6.999692692571359424e-10
2.899622643343463659e-10
3.318337677853354997e-10
7.120133783755388385e-10
2.441945513427711952e-10
1.393914638653381900e-10
1.440888182496165547e-10
1.020267959064622684e-10
1.398248071524822198e-10
2.706084355833491059e-09
2.088756954468612054e-09
7.060326307085136147e-10
5.270196983713657601e-10
1.141273421416525358e-10
2.708932478120143608e-10
6.498249067774971177e-09
1.066746331319256556e-09
1.220890206379129587e-09
2.623777170731678701e-09
6.560928032583029164e-10
2.481873063827983338e-10
2.628206890557839300e-10
5.160344996606520622e-10
6.034504576521346867e-11
2.813968241947440178e-10
3.072187008063828302e-09
1.271404252611488483e-10
9.741101046509662416e-11
9.226176988531048324e-10
2.311528223391143874e-10
2.508724125227592200e-09
1.557692803415185856e-09
5.241142775312633340e-10
2.343399024005046679e-10
1.954329638503875025e-10
2.304287130065452679e-09
6.872085287201929957e-10
5.527042775959182538e-10
6.322789977091913333e-10
1.935580402528390580e-10
2.853727238898702835e-09
1.568777396904172367e-09
1.581080963697432425e-09
8.385092998548758318e-10
2.173505314308963793e-10
1.032905606579084138e-09
1.075293580303187688e-09
2.085976768045397340e-10
5.785845647444525266e-10
7.860273160180008981e-10
1.070760471807513464e-09
1.178373632410560409e-09
1.830729567284816544e-09
1.377602389253343327e-09
3.089617647071606306e-10
4.837029020421866013e-10
3.853124200167588470e-10
5.497624801686851396e-10
6.964596839776911359e-10
6.446962219597070605e-10
2.962075963140398295e-10
1.693858902768750208e-10
2.114063607766391169e-10
1.907451990112324963e-09
5.286341446519225238e-10
5.576914046906214410e-10
6.217329045079690849e-10
9.438559808628411612e-10
1.750729046317355071e-10
2.159824197229432610e-10
5.035853459340044333e-10
1.034607478743569054e-09
4.830099727205796025e-10
9.377081780751265404e-10
1.685621302301168092e-09
2.709032852859244065e-10
4.808189050797184796e-10
6.689471479486539873e-10
4.902863956821140589e-10
4.428893343304351302e-10
3.786565210032746683e-10
1.355841374836646426e-10
1.433166266687102877e-10
4.322126066584943598e-10
3.492125577247661640e-10
2.172539189144233769e-10
2.525870242842028306e-09
6.769294629026229176e-10
2.348275246987360043e-10
4.522744052452487207e-10
2.034203868114247964e-10
1.805362247624936627e-10
1.581748930987312525e-10
1.893727839423884656e-10
3.151761695740485554e-10
2.998248315784790503e-10
3.417163091811746738e-10
1.653243631083218303e-10
7.246367620826108603e-10
2.748546063080584187e-10
3.069545844942345421e-10
3.528486209600383105e-10
0.000000000000000000e+00
0.000000000000000000e+00
2.312896117272766836e-10
3.352274604574415249e-10
1.104502066851022235e-09
6.172902175405526044e-09
4.581927186738726398e-10
4.094889996851789271e-10
2.232582388899390808e-10
1.019941940582273944e-10
2.255412487743013605e-10
2.803686943348235503e-10
1.706730635170958375e-10
1.113953296113246097e-10
6.266472964332524851e-11
2.125236835292994775e-10
1.231152649001325563e-10
1.124852845839890171e-10
1.310413049080759528e-10
1.201475828796051032e-10
2.078678843809867709e-10
1.843667443815485475e-10
3.100339968371473836e-09
1.543480905049686235e-10
3.635944633422162833e-10
3.612043716231221609e-10
4.244590120267909571e-10
3.126054841224021780e-09
2.530616065550856712e-08
6.777860496940022915e-10
4.199991685846871698e-10
7.412163918863943800e-11
2.243879251080315436e-10
5.651907897366156173e-11
2.460628757800000012e-10
2.753429411586736438e-11
4.366992114038822998e-11
2.716051400692780165e-11
7.226113670122715285e-11
9.480515380126820435e-11
2.192875950032517382e-10
6.445390121272417327e-10
1.878295845686712436e-10
3.025097935112428559e-10
5.342683703347174294e-10
6.659645352179239191e-10
4.574299571990378906e-10
1.361716133325639591e-10
2.249643291848451942e-11
6.206866908638398289e-11
6.801411907063165925e-11
3.758169448841973654e-11
4.449078241873625374e-11
1.113053192754709902e-10
7.436100136571141713e-11
1.185251517488366743e-09
4.966025022844621816e-09
1.871533596150010580e-10
7.499964069261377297e-10
1.119090925936563845e-07
7.171121699160860083e-10
4.254715677634751024e-10
3.876715128994828263e-10
7.840998549537845781e-10
4.698436002224970395e-09
5.375895577735830033e-10
3.875209479964316215e-10
5.009532153828609220e-10
5.143154922218606934e-10
2.875923690550747221e-10
5.169645332364431581e-10
2.191297928681566493e-09
2.745443241531783958e-10
4.235665624006817748e-10
2.635958046656134537e-10
1.068485633138388665e-09
4.023191043936574891e-10
2.869886606682399624e-10
1.933239027332838788e-10
1.911926704174638500e-09
1.899177269122189409e-09
4.105586528201794068e-10
8.761571317519671281e-10
9.386329969593295829e-10
7.231202614632893290e-10
1.207916340048976468e-09
2.533196003520551356e-07
1.201928454496287371e-06
3.577963304223366903e-10
5.686924488743439638e-10
6.275479936521842905e-10
1.833045541258692126e-10
1.428519683430067795e-10
1.282476557299621979e-10
1.276452646883204327e-10
1.291446390575178508e-10
3.812454827658232052e-09
1.066931216687481010e-09
9.686882434759921315e-10
5.937068864856202987e-10
8.148047855243836364e-10
0.000000000000000000e+00
