0.000000000000000000e+00
0.000000000000000000e+00
2.529930560227811390e-02
9.074476610459686343e-02
1.104822991141560795e-01
3.287437081042331871e-02
3.522331317516512461e-02
3.609344691440793257e-02
3.109536097828071236e-02
3.293484117680593737e-02
3.764760822061278406e-02
2.911229463219747876e-02
3.225867827173947017e-02
2.014165097120145312e-02
2.122829790948355111e-02
2.086552968607288672e-02
3.245951251419674360e-02
5.022389979737618831e-02
6.176951460015082940e-02
2.348611670690185435e-02
2.122098081345971665e-02
1.988117669667367748e-02
2.230132054247652151e-02
2.880736910273702656e-02
3.116725499293809473e-02
3.169724804997808842e-02
5.974077109979601674e-02
5.783632410743542313e-02
1.018706358500361397e-01
1.550392225068291663e-01
7.091969214615388706e-02
4.401929945872454231e-02
1.259995427873031315e-01
9.691769340470729466e-02
4.252714425262058007e-02
1.029397642231682092e-01
1.455555847449673257e-01
3.123692212326760129e-02
3.076485571062412619e-02
1.893564095015646750e-02
1.785478440103033249e-02
2.101956162253854066e-02
1.736022675090559061e-02
1.946749228852222985e-02
3.725889060498180361e-02
2.256193785878663274e-02
4.177796427892830483e-02
3.684599933317281306e-02
1.824683870435892322e-02
2.237901284175511027e-02
4.174443707636427831e-02
5.514839940377862237e-02
3.672928035607245234e-02
2.703217531748130370e-02
2.319111395558719202e-02
1.807643416855444357e-02
2.268571614302557563e-02
6.002369461458934713e-02
7.894910237457514190e-02
3.119843771339318381e-02
2.562642548487636951e-02
2.588178271205025457e-02
4.136524111788603131e-02
4.465035876114613334e-02
3.526027045684591854e-02
2.598221702716523723e-02
2.614865294832587755e-02
3.858053133276807128e-02
6.221194608266587822e-02
5.209569181466576493e-02
3.907187824712037016e-02
3.704407988893049231e-02
2.417430635032635430e-02
2.143427221937217048e-02
2.939981908356816692e-02
2.144803483487689802e-02
2.105268838506370657e-02
2.692490648997656125e-02
2.554582876448285855e-02
2.800702456809620391e-02
3.308634350189081086e-02
2.314696483977747923e-02
2.782250896752387626e-02
3.116292133009443063e-02
4.015879865425660278e-02
5.397939658564228360e-02
7.196316328775104187e-02
8.916930841566135524e-02
5.075078077230542328e-02
3.007491628753698049e-02
2.844592405852200759e-02
3.865923924156700053e-02
3.359643160215309426e-02
3.087018546773931393e-02
3.484346401791998254e-02
9.487591679486483132e-02
6.907973414493119579e-02
2.572402106755640808e-02
3.628188447331478356e-02
1.332005043594390037e-01
1.052239941770926335e-01
4.420105022078025386e-02
2.558978807244818854e-02
3.063947684971365243e-02
7.962350214824416572e-02
2.609374379016700038e-02
3.600103366643607472e-02
3.423136200465923956e-02
3.195456865189447160e-02
3.450747651581331094e-02
4.757710622030777298e-02
3.004413108529132431e-02
2.032036373980421196e-02
1.964510523470480025e-02
0.000000000000000000e+00
2.057880899338956557e-02
3.303696290549054670e-02
2.872530647846950266e-02
3.246732292604302683e-02
7.223504673987560243e-02
5.838011676070833239e-02
8.177691965032683752e-02
6.418178165679340463e-02
7.265924375798482604e-02
9.958311768450010815e-02
9.333007849313791626e-02
1.260406075511244506e-01
1.031672168378692661e-01
5.348211101969092829e-02
7.165594883180116670e-02
1.015553355674228692e-01
4.757286854455405195e-02
2.493301217845108469e-02
5.418186317152606096e-02
6.867679229175113753e-02
5.922372968950074396e-02
3.024610461070968703e-02
3.601286753388673045e-02
0.000000000000000000e+00
2.651603220287798365e-02
4.816412229126771499e-02
2.348901914172655397e-02
4.026938861976706724e-02
1.951196377879135802e-02
2.803244885511680523e-02
5.753567671055178495e-02
4.516685766097137261e-02
1.050464401632051348e-01
3.778727764061107219e-02
2.510956044614568589e-02
2.482861141898433377e-02
3.245984678600385975e-02
4.334222506987873980e-02
2.465466127936928251e-02
3.635566964799245848e-02
2.117215576348703554e-02
1.887361126234305894e-02
3.148055453650494551e-02
2.309540513160599287e-02
4.631912976079249900e-02
3.339306151106578163e-02
3.952807877243584567e-02
6.343725388469069471e-02
7.826759223599817628e-02
3.848447019667633473e-02
6.618748643424553213e-02
7.366118484881568895e-02
5.726206968806481917e-02
2.746316930583982130e-02
3.883008862379277309e-02
6.891982216682222828e-02
8.269784682047889857e-02
7.377343560357854657e-02
5.016486155026469301e-02
6.779288538738750813e-02
3.818606430349279213e-02
2.812251820933178367e-02
5.750007836832488062e-02
2.580900054285319156e-02
2.606176707656423716e-02
6.970768105959811167e-02
5.040044305212217773e-02
2.674098851884667769e-02
2.253749416815406872e-02
2.245845424116659980e-02
2.472897730001302405e-02
2.746827210042629419e-02
3.658833226657901699e-02
5.696657066443593792e-02
2.768082667891857279e-02
4.652329168705847395e-02
5.340074530003855596e-02
3.069275532136770540e-02
8.931494764851670431e-02
8.849963245947907453e-02
3.829512426816022302e-02
3.740186815871780757e-02
2.362693734405798759e-02
4.084952765430453769e-02
6.424764942683418301e-02
2.264517410899639580e-02
1.993873433372698317e-02
2.005244001887365735e-02
5.683445373890078783e-02
1.456624415658408500e-01
4.596206824814333403e-02
3.047893276861439460e-02
2.524276534045684708e-02
1.068604523159144698e-01
1.753069375032565436e-01
1.781736039301157204e-01
1.089201747083956701e-01
2.384234804491636855e-02
3.082123622959972303e-02
4.349993952729280106e-02
1.005009439930524273e-01
3.266148558078250247e-02
4.015194285282253778e-02
5.994898204832026234e-02
2.144571432173401904e-02
1.583600924490290440e-01
2.831504959897650497e-01
2.049498589546591143e-01
1.353840596263542750e-01
1.023483470954349300e-01
2.483524366581798745e-02
7.813638651940063573e-02
5.985402307681511602e-02
5.903914683795876556e-02
8.983842395197011443e-02
1.245771504317236128e-01
1.749264482252647357e-01
1.892906113222293241e-01
1.229965903203497218e-01
1.906579119194730110e-01
1.271918462342632172e-01
2.074133956249750721e-01
1.791827015166544412e-01
1.456341031716668344e-01
9.740592330652847464e-02
7.390998623773094300e-02
1.052629448481735286e-01
1.376614044936426418e-01
6.082495085351951464e-02
2.230660115234102750e-02
2.339410501743964532e-02
3.328209752256977572e-02
2.994517487381604531e-02
4.591101489942354258e-02
7.256247482182077990e-02
1.473668367413660252e-01
1.051233558657747869e-01
1.071165317050062488e-01
3.431784584965488077e-02
1.083753423552376860e-01
8.263568837764125041e-02
5.228462088872355695e-02
8.095103818535170914e-02
2.400277323055410861e-02
5.465125711381282891e-02
7.929034306012482103e-02
3.448165219164976703e-02
2.085289128492134880e-02
6.522979423684047151e-02
4.141315314584419899e-02
1.957897226875141353e-02
9.427197846764942546e-02
1.552207774725375689e-01
3.656480941022934028e-02
2.076846083519335792e-02
2.136501682616864795e-02
6.996275616411111453e-02
0.000000000000000000e+00
2.255261826667073755e-02
4.190672446666459522e-02
4.378765168923852424e-02
5.143556272519255596e-02
1.492416987248554316e-01
5.718198919601044650e-02
3.755204357238214885e-02
7.585650769042842634e-02
3.461027971863304964e-02
2.924384056245251870e-02
3.319245420110827210e-02
0.000000000000000000e+00
4.017761139609977994e-02
7.512562154986293650e-02
9.896036590707513181e-02
1.049370602263267477e-01
1.010027901828273733e-01
3.873721451279106553e-02
3.629674163368165618e-02
1.221479063529853776e-01
2.156132482067711978e-02
1.859566576800848400e-02
1.683803330003537727e-02
2.899616440573171347e-02
2.300693836303123810e-02
1.985041875461193012e-02
3.644373028409133436e-02
5.447913339560536000e-02
2.622803506607465987e-02
0.000000000000000000e+00
6.775657999919880436e-02
8.709827185860286036e-02
9.182544135113808459e-02
6.139305141692918966e-02
8.147990239763733267e-02
4.017113833396546152e-02
2.322583050466731081e-02
5.090488159021870629e-02
2.048679760395648308e-02
0.000000000000000000e+00
2.317735429003840025e-02
6.766566695458796354e-02
1.063351089383737236e-01
1.964255931161477259e-02
1.479656615705583420e-02
1.630793927439242938e-02
2.588924901341098025e-02
3.494995179524044981e-02
3.726627257579048780e-02
2.300739194218185193e-02
0.000000000000000000e+00
2.578153891127785841e-02
2.059669888478835031e-02
1.898649623844314571e-02
3.820543700507384594e-02
2.242678882493410325e-02
2.347858134945136899e-02
3.408736721555227778e-02
8.766592866885196400e-02
2.871691101817913996e-02
2.839605784163003882e-02
1.667422918782346039e-02
1.625707922390510693e-02
2.416890013547668900e-02
1.869332699596471317e-02
1.879111352131460771e-02
2.004899754184823885e-02
2.084341832381431808e-02
3.226536281015392194e-02
1.641982037931266972e-02
1.729059003644532744e-02
1.814864923428565618e-02
1.588188517799435373e-02
2.064477321487519917e-02
2.385864639610544083e-02
2.191028505520615718e-02
2.143682746364193939e-02
2.352210092850908277e-02
1.911775748853913534e-02
1.785308044506500255e-02
1.643791009255540433e-02
1.648540944982408371e-02
2.216205636000865772e-02
4.058367732275998396e-02
1.843920082878439462e-02
2.957943645007008251e-02
1.870652281765307692e-02
2.469840684367550707e-02
2.636823654432729480e-02
1.624969101003175681e-02
1.630358015274841615e-02
1.988138446486134581e-02
1.085945808847907645e-01
0.000000000000000000e+00
0.000000000000000000e+00
4.040374287955861288e-02
5.972502764345753723e-02
3.511665628035221670e-02
4.201703083747479472e-02
4.466253718277602563e-02
5.681696784917986132e-02
0.000000000000000000e+00
5.409256563439498317e-02
1.984186854041757320e-01
3.922003874511446608e-01
6.655409839140669082e-01
1.977392656758045208e-01
6.212452434170249310e-02
3.974471233532269471e-02
3.754174528713975084e-02
5.741285162525883168e-02
1.459469728455360937e-01
2.482161151923243936e-01
7.352428721371610798e-02
1.039828253390222695e-01
1.224243256303492594e-01
3.022102518656303444e-02
7.556839321630799688e-02
6.533707445357278543e-02
9.963219862997035881e-02
7.319737677097674922e-02
2.987579730593308003e-02
2.512297718354948931e-02
3.178054608432227812e-02
1.299558726719287627e-01
9.526392126361657442e-02
2.244740948898903826e-02
1.857543065277247885e-02
2.459839244861397947e-02
3.054124398148621092e-02
2.991017060817061785e-02
5.297617051645849701e-02
8.887750892914471346e-02
7.270783715955878024e-02
3.199894027244695738e-02
4.807196104963030320e-02
0.000000000000000000e+00
3.764824245289308258e-02
2.437355251709528298e-02
2.165554530457938776e-02
2.068667457665589182e-02
2.241468943641962419e-02
3.494122304298711429e-02
6.393431064874728620e-02
3.252374463073572086e-02
6.798674509469049276e-02
6.800847781113385226e-02
5.217254791283627846e-02
2.506700117604220707e-02
2.328795715518503298e-02
2.503653348278562715e-02
3.958835612693589051e-02
5.604234976712417493e-02
7.800220831591092585e-02
3.084346097781852716e-02
5.469424298000434559e-02
3.454107866768625634e-02
2.103220287896991406e-02
3.630353219454278413e-02
7.807433746099624872e-02
3.851950065183549349e-02
5.758474249262322819e-02
3.133852074999107784e-02
1.858945856916011802e-02
6.328841523882793030e-02
5.063007747944624215e-02
1.968408800506879844e-02
2.213581055317093149e-02
4.478742872766969946e-02
1.452241404988330042e-01
1.336081196142339389e-01
7.889579311193822830e-02
2.020067175221727795e-02
2.165886423505484701e-02
6.081205566083672936e-02
1.325665668809181685e-01
6.317383620359764973e-02
7.500011178046850358e-02
3.331913337355279364e-02
2.562833118586473058e-02
6.398573779046208554e-02
2.256517923726732433e-01
7.223923478457687508e-02
3.914597737088554991e-02
1.751451999185152028e-02
1.949999367814634135e-02
1.718718654432684415e-02
1.900863669806576381e-02
1.797349269305389269e-02
1.808269326223699291e-02
2.531596268113974271e-02
3.134163193405115067e-02
3.553370452389338630e-02
4.548891276571993131e-02
3.743081436648901250e-02
1.680630410186967003e-02
2.704214152016722050e-02
1.995787657863684270e-02
3.673541312858210478e-02
1.985228827247234248e-02
2.795799460466729877e-02
6.251310518476263511e-02
4.397177844770224636e-02
8.314347344555132746e-02
7.828599443766602606e-02
6.975610736670104228e-02
3.008177343835078191e-02
2.176016302333975624e-02
2.577281876848892470e-02
2.306159876973962880e-02
2.563937948844672438e-02
3.632184019543903408e-02
6.546200487939482504e-02
4.579980861560141447e-02
3.126408480714565341e-02
2.339564208697087269e-02
5.326436055230208966e-02
2.997447895880445135e-02
0.000000000000000000e+00
3.179839954030925370e-02
2.127379724810775363e-02
2.149148004507821924e-02
4.695209008938287104e-02
0.000000000000000000e+00
1.808924037897829407e-01
1.349429707161764469e-01
7.545649464269653384e-02
2.374703309546982721e-02
5.288732331344776078e-02
3.364176624778542068e-02
3.708499114193850033e-02
2.374102827184340972e-02
2.759631638172421395e-02
2.409546774163910318e-02
3.452934500965872122e-02
4.070209539643615537e-02
4.025762518207004481e-02
5.808129125035425833e-02
7.096505945651503111e-02
8.496049734094905659e-02
6.304363948745846102e-02
6.890637566358381871e-02
9.515980473784116378e-02
6.827703756690517434e-02
4.455361863274902995e-02
4.633058308635720074e-02
3.346895229073081068e-02
3.850037973205112929e-02
1.991915447236013437e-01
1.791682565217874445e-01
9.407312006873438937e-02
6.569586905446782310e-02
3.134090523876512102e-02
4.584100423478472408e-02
7.563166268341860177e-02
9.666475746685523895e-02
1.155744598330456785e-01
1.992712368961185587e-01
8.078556602609784920e-02
4.714043382836140272e-02
5.212507943951693451e-02
7.202592993283069012e-02
2.159178945725872059e-02
4.968731363319121852e-02
6.730068461469312924e-02
3.016192069970159359e-02
2.644144303388695424e-02
9.084319707358536056e-02
4.310728671073316143e-02
1.674620223776119021e-01
1.059797008385823108e-01
6.097065703468827064e-02
3.568830882153377348e-02
3.100916060680142944e-02
6.805550809211217966e-02
8.131088987369076981e-02
7.644337885291718759e-02
8.764949825488517476e-02
3.698850755204798058e-02
5.914366858044518838e-02
4.737549684518703452e-02
1.009766112389319792e-01
8.660581166512790197e-02
3.870048498977387424e-02
9.274585052319998801e-02
8.337920508233045980e-02
4.014539375087361472e-02
7.037416883416679203e-02
8.486970318611140873e-02
9.639392287972378681e-02
1.092579400600731110e-01
1.423657519097985269e-01
1.143006618989318157e-01
4.115842031762688424e-02
5.964559928849203635e-02
4.480997566161185747e-02
5.360164458140876526e-02
6.053306245495550242e-02
6.143446366374381851e-02
3.612399378816377044e-02
2.887244517686883907e-02
3.262070622885282489e-02
1.333008094425452983e-01
6.581196082575239970e-02
6.767653851303576107e-02
7.343347708324914069e-02
8.579317303199256173e-02
3.273742882506128909e-02
3.721878472955027911e-02
6.378985689760706401e-02
7.175954322662356222e-02
6.139634084521351093e-02
8.928045279589988392e-02
1.189964319904187190e-01
5.058556658282675061e-02
5.819564366376684533e-02
6.348205405673133794e-02
6.809685958867740807e-02
6.810347097227595348e-02
4.158366420031605476e-02
2.148017147117653458e-02
2.370721320184964939e-02
5.509297662160549114e-02
4.533856768403316667e-02
2.672907603114262412e-02
5.845730881517293559e-02
4.489794124436676664e-02
3.398399832577998769e-02
7.276880910119208623e-02
2.842264384641840155e-02
2.567447082781557435e-02
2.567196813114040049e-02
3.542651950850779496e-02
5.395769681015375602e-02
3.865725426441762869e-02
5.003702019359489855e-02
2.996769337506505204e-02
8.572980678768192531e-02
3.172825853161007764e-02
5.443023961935530841e-02
5.134054875648228627e-02
0.000000000000000000e+00
0.000000000000000000e+00
4.542585136280267999e-02
6.842492662510389623e-02
1.077609379025305236e-01
1.237438020199879418e-01
7.837704738051348707e-02
7.497353963353230177e-02
4.462881117459994301e-02
2.640880979013020269e-02
4.367975130646890164e-02
6.174851644320102778e-02
4.573415906965227345e-02
3.607990174061306843e-02
2.483113721651845213e-02
4.659075223120658082e-02
2.255258761934716624e-02
2.233098618170324332e-02
3.432037268493796228e-02
2.781204170377204674e-02
3.034468184090665863e-02
4.340061418454514014e-02
7.086875651529707387e-02
2.956008358186143145e-02
8.594800536630617382e-02
8.905452065477999224e-02
9.808621107955121932e-02
1.180352012714882826e-01
1.368801688158230168e-01
1.195758772005257459e-01
8.604041824531263871e-02
2.747402038053245454e-02
2.596669079991229673e-02
2.095449089593039160e-02
2.363691482225797544e-02
1.671975176680563779e-02
1.814716899848581658e-02
1.597695072714351572e-02
2.897843908351315292e-02
3.033646746432894573e-02
5.220595830285686134e-02
1.065698992723214528e-01
4.479103561557180174e-02
6.948349180151197624e-02
9.205691812612377956e-02
1.129927006252068183e-01
9.015690321845697131e-02
3.271745520701582061e-02
1.583060741650164568e-02
1.904892439632168907e-02
2.471454488752285877e-02
1.943153897951756942e-02
2.015118550172753653e-02
2.320261326709674790e-02
2.253957482856554922e-02
4.086457673182325445e-02
7.738095902470351617e-02
3.315551221900524259e-02
4.375939603416956897e-02
9.950029551284730878e-02
1.025234407403897707e-01
5.873979182669698124e-02
4.863524284693292177e-02
6.459746379025754770e-02
1.091388920959795034e-01
5.536962049344153897e-02
4.244618076736689227e-02
6.462436055607258256e-02
8.616207343195939061e-02
4.946575858015831578e-02
6.913451151402670580e-02
8.972427865850043927e-02
3.588307471395772719e-02
3.838656727511493422e-02
3.692027882453102067e-02
5.664988142030232682e-02
3.551434436559208069e-02
5.085416334811475314e-02
4.554271224056658657e-02
7.060863995076703536e-02
5.540867354444538317e-02
5.014777231766894688e-02
7.100687798225481517e-02
7.180455727370002594e-02
6.250321683966429676e-02
6.203049495398296753e-02
1.717198837479596840e-01
2.107836933394732770e-01
5.486679059111480156e-02
5.938309151404735919e-02
4.659201333849723181e-02
3.251171428048003215e-02
2.888128615469765306e-02
3.217505786760630621e-02
2.791887270150019557e-02
2.639710730925024992e-02
7.834235536399469790e-02
6.457309349556421274e-02
6.266232255383180627e-02
5.431515209955992823e-02
6.487579142923292908e-02
0.000000000000000000e+00
