0.000000000000000000e+00
1.056992454980574259e-01
1.621092751834786461e-01
4.072637618254441871e-02
3.345564182134883741e-02
3.385105158184743834e-02
2.900794185218721899e-02
3.146564148730076477e-02
3.553129524418279644e-02
2.650368650017670413e-02
2.932965552264801823e-02
1.819132954231050120e-02
0.000000000000000000e+00
1.881906500182751324e-02
2.936741393700598168e-02
4.404539804868604774e-02
5.905556213291463657e-02
1.998285770837286701e-02
1.872098557207607997e-02
1.759174545385982363e-02
1.943340507968202915e-02
2.516002157438939485e-02
2.531339680293758290e-02
2.611499489245237490e-02
5.114080431480575589e-02
4.773313608437902006e-02
7.361051145395200446e-02
9.787933530864122156e-02
8.138629476026820742e-02
4.846167620363416029e-02
1.204727417317041499e-01
7.767142906647211964e-02
3.419342459352663760e-02
7.922580951994566412e-02
1.104189373066127300e-01
2.711873877631401988e-02
2.528301733537426446e-02
1.731005937514454307e-02
1.645698460389049753e-02
1.832872546919343121e-02
1.620307737280415536e-02
1.799703499564134571e-02
3.124339626706055389e-02
1.996806363940253903e-02
3.957833927685858177e-02
3.653256123473645062e-02
1.678412205932564016e-02
2.068261976005454639e-02
4.016451558523333187e-02
6.671637853305972810e-02
4.219077147160303631e-02
2.461762574333065112e-02
2.362339890816176832e-02
1.762405678973172699e-02
2.301537179056928339e-02
7.424053873404418136e-02
1.119707222058004270e-01
3.380341389791852863e-02
2.799727768222880567e-02
2.832478788779888360e-02
3.672194285095040089e-02
4.555656896428882108e-02
3.217317242488493961e-02
2.382928917009286690e-02
2.393169539595456710e-02
3.938826207617678044e-02
6.340528756392502241e-02
5.211525334054741693e-02
3.985562533288867365e-02
3.854324651370145266e-02
0.000000000000000000e+00
2.002776232881536486e-02
2.565616111848838254e-02
2.012797915801453619e-02
2.009047455496553586e-02
2.505596588260920396e-02
2.393016355005510298e-02
2.438152992300729460e-02
2.808759978626599457e-02
2.093094856024238157e-02
2.590893889290483282e-02
2.669511481922419091e-02
4.346084124368701507e-02
4.908852660537844220e-02
7.450763701477168544e-02
8.189709054724277071e-02
4.351727132751700283e-02
0.000000000000000000e+00
0.000000000000000000e+00
3.827352118576028001e-02
4.218982077571910988e-02
6.070614421930906057e-02
5.915301786106234860e-02
4.630953160330470580e-02
6.295176249579387262e-02
7.246190318985078205e-02
4.690435145627299546e-02
2.282025270774984751e-02
2.999103187378548627e-02
3.770889183294250102e-02
7.777679859639766158e-02
7.078079591498827317e-02
5.229728057293266813e-02
5.986423768113562777e-02
4.229608872551456761e-02
2.796331372504308813e-02
5.154362870458158163e-02
2.442526018491994466e-02
2.384679976219678324e-02
5.380416644253752795e-02
4.449573257968673923e-02
2.430893749887683489e-02
2.456732387022149411e-02
2.307310220047848956e-02
3.156225235160470960e-02
2.519498348661825676e-02
3.307069281976274255e-02
4.453936401379401944e-02
3.346356805250342431e-02
4.063105142842125123e-02
4.308955704696960237e-02
3.040185975680061506e-02
7.188756768379366002e-02
6.826976198656936612e-02
3.544705628468401704e-02
3.517605290781215810e-02
2.061028001802122853e-02
2.922788329432031776e-02
4.081458156329038217e-02
2.108429532393428160e-02
1.939495540451629738e-02
1.941000562308211122e-02
4.469074949385142687e-02
1.166443542222861673e-01
3.817801254612258888e-02
0.000000000000000000e+00
2.648023550562798520e-02
7.093893230101974701e-02
1.541758710147200784e-01
1.154837463839906014e-01
7.155422021656515641e-02
1.908834963649908359e-02
2.227494130204511064e-02
3.924072016373687799e-02
0.000000000000000000e+00
0.000000000000000000e+00
0.000000000000000000e+00
0.000000000000000000e+00
0.000000000000000000e+00
0.000000000000000000e+00
0.000000000000000000e+00
0.000000000000000000e+00
0.000000000000000000e+00
0.000000000000000000e+00
0.000000000000000000e+00
0.000000000000000000e+00
0.000000000000000000e+00
0.000000000000000000e+00
0.000000000000000000e+00
5.939139953921609288e-02
3.063065046823706256e-02
0.000000000000000000e+00
0.000000000000000000e+00
6.914518327902255401e-02
8.769899491992863561e-02
3.438377601301613462e-02
1.954766550193101290e-02
1.981257131256138060e-02
6.021969565462394203e-02
3.890635973034377304e-02
2.040502429267054482e-02
0.000000000000000000e+00
0.000000000000000000e+00
4.933223619475614330e-02
1.447945057224386267e-01
5.310811445188892005e-02
3.124592717976715922e-02
6.004694955423711678e-02
3.639145612399618396e-02
2.749798748539718923e-02
2.957057302914444658e-02
2.174902985567993968e-02
3.604292034990339705e-02
5.900951042951935177e-02
8.606177333091472037e-02
1.124413493691510946e-01
1.265505831466732789e-01
3.629705210584480146e-02
3.350985755905302316e-02
9.335833282256905674e-02
2.148865092657651146e-02
1.616043420938377551e-02
1.771938009001044340e-02
2.498857394826027936e-02
2.361497351580234272e-02
1.923725171429664649e-02
3.912893125011322054e-02
5.309453906367959941e-02
2.202068400712112531e-02
3.742568706819206226e-02
4.852755011370545740e-02
1.017514146124702118e-01
6.465789889105272303e-02
5.376879310327335043e-02
9.168547956276537625e-02
5.042299892348230117e-02
2.193721660944259605e-02
4.430973364630606121e-02
1.977769785665236743e-02
1.775453188414560790e-02
2.174733776123598944e-02
4.812567850288727161e-02
7.573063557407513913e-02
1.830564903949462308e-02
1.419903856526553119e-02
1.602799559685418734e-02
2.489481000748298978e-02
3.052877340352651639e-02
3.570364067778360184e-02
2.236886932781598919e-02
2.082906464732812296e-02
2.502852846384751029e-02
1.932719438424966921e-02
1.906875307541411324e-02
3.757159741441576384e-02
2.137682121670747212e-02
2.270649277460804610e-02
2.665996363753908582e-02
9.994373743499965213e-02
2.741416689381978924e-02
2.423977515497863569e-02
1.633304916280073349e-02
1.602112984815284510e-02
2.103153812173656073e-02
1.879069665106200548e-02
1.895984407563320456e-02
1.917946811007157151e-02
1.953708939128024832e-02
2.794103040166178234e-02
1.614573694203328552e-02
1.654214659220873407e-02
1.781996518087599832e-02
1.582969884164128066e-02
1.620441907763506967e-02
2.460869236107078237e-02
3.575800213896077745e-02
2.592139993186922189e-02
2.980662185267343028e-02
1.758913528336814719e-02
1.676030342223100086e-02
1.627929593924919496e-02
1.633389079795645460e-02
2.780177207231859099e-02
3.541521240911578439e-02
1.706336621424920860e-02
2.395129358010194068e-02
1.910061145283122735e-02
1.798963675204596005e-02
1.880378224104296142e-02
1.573679999916273095e-02
1.558708162734173328e-02
0.000000000000000000e+00
6.701110479520283603e-02
7.504444092011895717e-02
4.523707333256078017e-02
4.271065359446457599e-02
0.000000000000000000e+00
4.003207321291660931e-02
3.220040547805216868e-02
3.724599296037388318e-02
4.661244422804356607e-02
5.079580230992000733e-02
2.976483290836950610e-02
1.866423765995031403e-01
3.625949830451394296e-01
5.071637697844668669e-01
1.756818643952069714e-01
4.118423370376545628e-02
2.718993275647498681e-02
2.661224045232581797e-02
3.037875784534413426e-02
9.034152832967955182e-02
1.716350827832589243e-01
6.699573762221637530e-02
8.506379419960263810e-02
8.966437777874072812e-02
4.611384515409319707e-02
8.535721403654512873e-02
9.719321599726847560e-02
1.577508200824711271e-01
1.391293537147527681e-01
4.743364160020856896e-02
3.071513727731954926e-02
3.080080945152425392e-02
9.869899972636546337e-02
9.759572507849112455e-02
2.336636003190158822e-02
1.780507487542480963e-02
2.434871311073106420e-02
4.007805603419268420e-02
3.507317218663179997e-02
4.426306113235943529e-02
7.283898697120932964e-02
8.281783459806790759e-02
3.616827184444859622e-02
4.605392689909199727e-02
5.685944960155155103e-02
4.357908568178501391e-02
3.044939895897230339e-02
2.957779717621251969e-02
2.560645153022946680e-02
2.571622375914329670e-02
4.200048930882990111e-02
1.166046939583555014e-01
5.158376050773226529e-02
1.089540530809378210e-01
1.012788156993871258e-01
7.109887350185364885e-02
3.506513711427008267e-02
3.147188317853023137e-02
3.531864064597166342e-02
5.401343386151194470e-02
7.175370529228143612e-02
1.054066766296755803e-01
4.291243177331617586e-02
7.230369067343286882e-02
6.220195340412633389e-02
2.715335464817798805e-02
6.470949179103924198e-02
1.078307791702357993e-01
7.408709212859014570e-02
1.421001123124883692e-01
6.691678288680978637e-02
1.972525207841741707e-02
1.476939196421818423e-01
1.247212125070141092e-01
3.543103056560160946e-02
3.643543345110938914e-02
6.805498767747639177e-02
2.616265836601548989e-01
2.530324013346745837e-01
1.550653866593526276e-01
7.133032572261738258e-02
4.166604893481425098e-02
1.290730439510026917e-01
2.220580448486509650e-01
1.621718665048762775e-01
1.895131968610980211e-01
8.877421554746019183e-02
7.388181974300024601e-02
1.198968262038493104e-01
4.123185117780477360e-01
2.278562058708004934e-01
1.234095251506836799e-01
1.954815588723122013e-02
6.173472026349969416e-02
2.059904243965759996e-02
0.000000000000000000e+00
2.094108833193433078e-02
2.012905540411088351e-02
2.942929530930984278e-02
4.511983760802726340e-02
8.425323085355657105e-02
1.454615872910681451e-01
8.074791456286752045e-02
1.956775774010754976e-02
7.525430353925063875e-02
2.760940185139651795e-02
1.015189407476326799e-01
3.699963630297812417e-02
7.340831038337834735e-02
1.505411937590862559e-01
1.210040789972445935e-01
2.031602147458624608e-01
1.920935781972213929e-01
1.793191505662731500e-01
9.530829914281342685e-02
3.936093498556095943e-02
5.304173607839259702e-02
6.628951623219886402e-02
8.242830779863410950e-02
0.000000000000000000e+00
1.846272904441178808e-01
1.087102079515001457e-01
7.025541143531292831e-02
3.916037925230989730e-02
5.884286160512918612e-02
6.001191571314731105e-02
5.563433348428500208e-02
7.995438746925759288e-02
2.382076601391392226e-02
2.851256173739399533e-02
1.119966816831057810e-01
2.362321568710397113e-01
2.989665699010854993e-01
2.642309136515482715e-01
2.199078297625269574e-01
2.788580521064242673e-02
5.262673065529343414e-02
8.188470550542630011e-02
1.131671102784271299e-01
2.278490846457782021e-02
3.760883231945073846e-02
2.199379330070782429e-02
3.561927555756518732e-02
4.915771453681736652e-02
4.021010002971653341e-02
5.094465589172138265e-02
7.337777245330170950e-02
1.690382129362881236e-01
1.028096931488848009e-01
9.205443014755745890e-02
1.839028743761502160e-01
1.395833488813809642e-01
6.260752550128789728e-02
6.458168600801748871e-02
3.136280222662115452e-02
3.453379825451060453e-02
2.229797356527740693e-01
2.102538214271947870e-01
1.251673289884008833e-01
9.514782901008532467e-02
3.136118302365045046e-02
5.545106539767008513e-02
7.855734236940614679e-02
1.201162022305176935e-01
1.451950935728396341e-01
2.461740865335938500e-01
1.357458539739513637e-01
7.599753128257343004e-02
9.196338252705511807e-02
1.292614880946999500e-01
1.997063564840923650e-02
7.974966365878366492e-02
9.063494787769554861e-02
2.353264373351969876e-02
2.231560604937235862e-02
1.185980960718829441e-01
5.381977327012681805e-02
1.664284540439830706e-01
1.210881443350320108e-01
8.238557094384119095e-02
3.554227096234208877e-02
2.886124051413292355e-02
7.297236663594114381e-02
1.192375404931020622e-01
1.127786164024226767e-01
1.515200023478203151e-01
3.856150761828305851e-02
5.137470330584773676e-02
4.706328478088718514e-02
1.170084724701463547e-01
1.134138289960939100e-01
3.563383021231072284e-02
9.617210757406849386e-02
9.257291702180374393e-02
5.047383654136800707e-02
8.899950785163746048e-02
1.124789427298694550e-01
1.479236851966810873e-01
1.697176331482404543e-01
1.935263267353805328e-01
1.498860143857523308e-01
3.913915183934441044e-02
6.087297425798213202e-02
3.837792213447182438e-02
4.738959039478052998e-02
5.202177857909030811e-02
6.674032860452357163e-02
3.276280139862074170e-02
2.556004606506849866e-02
2.598133142229379355e-02
0.000000000000000000e+00
1.163649101216454734e-01
9.074823517986753407e-02
1.419349279904453809e-01
1.487783911869744458e-01
3.226325745464255629e-02
4.147209815100670605e-02
1.100670357479382466e-01
1.236418696880062645e-01
9.781618074874275093e-02
1.347513257773695350e-01
1.417496404091478646e-01
5.692337885205380615e-02
4.755109039364829870e-02
4.773366957542628242e-02
7.523862893240673699e-02
8.380009915159887524e-02
3.532928136085718845e-02
1.962155138925499379e-02
2.068502357896402633e-02
6.009578812038580270e-02
5.622156252342480620e-02
2.210611143038332393e-02
4.550178430701019155e-02
3.544218916960102661e-02
2.781121731576490647e-02
5.208688529794355815e-02
2.390695295959624836e-02
2.417451070756045789e-02
2.443628641597148446e-02
2.779411769320684969e-02
3.787816583450573371e-02
2.963496452042104629e-02
3.095025108193362115e-02
2.566347965528476688e-02
7.903381513009787029e-02
2.627707938125579956e-02
0.000000000000000000e+00
3.561378622111011777e-02
2.530840054093135352e-02
9.956337873452580922e-02
3.026341262405747926e-02
6.892035825660675075e-02
1.240893619461783670e-01
1.372023784285395231e-01
9.683711960695262633e-02
1.065282386344319626e-01
4.348443816273072499e-02
2.233440119824625647e-02
3.473195105535104021e-02
4.024405359094497536e-02
2.845065195146864387e-02
0.000000000000000000e+00
2.099768503135024042e-02
3.327519243790222347e-02
1.995849335672822064e-02
1.880295057809422410e-02
2.331934091365309505e-02
2.142481951948819324e-02
2.350652715490568478e-02
4.161747056801048950e-02
5.768825582490501314e-02
2.529501367870000406e-02
7.696010487387280885e-02
8.409268550390974761e-02
8.160847072547798564e-02
1.384607062097586438e-01
1.496213761572375844e-01
1.102837517357966174e-01
8.227310327422125702e-02
2.491565821027843033e-02
2.292333870314312502e-02
1.792138403664900875e-02
2.084309432518194685e-02
1.500692808695524780e-02
1.605434612313581116e-02
1.470965693970009008e-02
2.406255943385928950e-02
2.525243056426746541e-02
3.957603013711463724e-02
8.953414856133297406e-02
4.326989233078232938e-02
5.958462089650527066e-02
8.880155731789435292e-02
1.399666584841185724e-01
1.007280390528817043e-01
3.145669249744620366e-02
1.468934948344989902e-02
1.808608968981910078e-02
2.380128303992767175e-02
1.850796170048764691e-02
1.845765170177041462e-02
2.358663969808409699e-02
2.176443889041120017e-02
3.584635312490033754e-02
7.248137106347625480e-02
3.062923217609219567e-02
3.924280296776289090e-02
6.934259779060533702e-02
1.007839022891191261e-01
6.360863010728975975e-02
4.360616855915364770e-02
5.319416442794759614e-02
1.085447383656311382e-01
4.319255191411063011e-02
3.480516249844241294e-02
5.505188230031887731e-02
8.181983222727122473e-02
4.551682682606927877e-02
8.492177261175577752e-02
9.914115330292665174e-02
3.201396004304660897e-02
3.399648401623790034e-02
3.290354650665197611e-02
5.052672588202394149e-02
3.370346330706829041e-02
6.035435570287237678e-02
5.485908560702457831e-02
6.334139651070987143e-02
5.555824006616916222e-02
4.637577668066476116e-02
6.456064012501823435e-02
6.280277754461771611e-02
5.474857999407709702e-02
5.508775282656665911e-02
7.506842931848015099e-02
6.288519673007186839e-02
4.732617933622423195e-02
6.670085613695578286e-02
4.138826967357014247e-02
2.880104014965806022e-02
2.581978522908375331e-02
2.847020871260484004e-02
2.517716626302060265e-02
2.454827812596410003e-02
8.636176177995456837e-02
5.910873723579029848e-02
5.640264450286265607e-02
4.576075262408508398e-02
0.000000000000000000e+00
