0.000000000000000000e+00
6.617289265522219299e-02
2.570322539240474727e-02
6.199838776801843560e-02
9.531835178198067027e-02
3.575972255751181522e-02
3.940229952532739444e-02
3.964939237363666880e-02
3.236230877777416387e-02
3.343317528167742692e-02
3.854892780362493415e-02
3.018271759400866644e-02
3.341366424735613128e-02
2.204027402056137411e-02
2.273291407387392077e-02
2.239273165129861479e-02
3.334064200804110617e-02
4.787724022687388226e-02
6.273305320383361361e-02
2.460866060523022800e-02
2.338766284688647418e-02
2.171112313714437109e-02
2.390706367219104858e-02
3.017558191031903189e-02
2.935573826397248898e-02
3.090317950752069845e-02
4.574815622083825556e-02
3.994919629027087610e-02
6.636029348884769918e-02
1.100115575235299098e-01
9.394469671313665504e-02
6.270064489001599128e-02
1.709274874367266717e-01
1.291021553065596073e-01
4.467545508343731542e-02
1.127836440418338027e-01
2.059687488078762452e-01
4.026119531405589202e-02
3.508695973381857625e-02
2.007063385550917137e-02
1.891997766506586451e-02
2.177265563942764465e-02
1.808472424587889010e-02
2.008472983891346555e-02
3.648052467121509768e-02
2.287644072573224302e-02
4.082417942376232595e-02
3.453997146674382679e-02
1.835688151678661548e-02
2.253023537885634475e-02
4.178344171757621822e-02
5.829480842987742883e-02
3.687720038159199298e-02
2.605312097267337146e-02
2.414001376909818974e-02
1.830459198349238675e-02
2.300528794047386819e-02
8.697312993169774298e-02
1.349306459942919700e-01
3.421967577706955949e-02
2.662961044283547810e-02
2.716898943479580456e-02
3.820602186976518322e-02
4.555773589784596622e-02
3.409914539593431049e-02
2.554974611379324731e-02
2.606563980063351590e-02
3.655819332284775125e-02
6.066737390618329867e-02
4.914569351115564283e-02
3.697606984620382259e-02
3.417112736801763279e-02
2.467868194955761055e-02
2.191127278990343333e-02
2.635470712962769205e-02
2.053460236295437738e-02
2.090060120412487454e-02
2.609308141481130744e-02
2.478470118811502282e-02
2.605652434469211270e-02
3.172408429154473242e-02
2.333620663550337732e-02
2.662241601057518253e-02
2.944063801511551462e-02
3.837224128941309903e-02
5.074563568446669587e-02
7.171728991070315529e-02
8.672727088998986866e-02
4.702160807940047871e-02
2.573570853336868552e-02
2.930096279208663571e-02
4.306888048665787061e-02
3.426293540752048394e-02
2.883420418071081653e-02
3.590912214237261535e-02
1.129517748561213314e-01
0.000000000000000000e+00
0.000000000000000000e+00
2.400901825453898852e-01
1.141594219003152083e-01
1.026897878476313447e-01
1.093105767359214969e-01
1.053501254040481866e-01
1.829954703004180727e-01
8.907960527844382970e-02
0.000000000000000000e+00
0.000000000000000000e+00
7.703510152238061959e-02
9.143975626570120807e-02
3.431791811870627679e-02
3.136743195118277261e-02
3.387749161716143570e-02
2.828576422023009601e-02
0.000000000000000000e+00
6.918364530667409085e-02
1.003480498833852624e-01
3.687897732682144519e-02
2.604492665585931427e-02
2.466702115668056514e-02
2.576097269299843992e-02
2.627845178111001823e-02
9.112654774231958299e-02
1.217737196785372289e-01
5.893286006189220327e-02
7.965406622487906929e-02
9.057415410858800364e-02
3.546504658583374270e-02
6.014868299545688551e-02
5.756759573981141964e-02
8.540431154913144529e-02
6.731430992786492651e-02
2.816893513446308561e-02
2.448606676098009222e-02
2.865410110492826873e-02
1.017458300505411639e-01
1.099284940621724910e-01
2.229325082473862518e-02
1.741747305629580758e-02
2.251619275804186623e-02
3.539657645550844250e-02
2.998668266277397174e-02
4.507016439657902940e-02
6.832047873535518345e-02
9.305651763047938230e-02
2.969307447961237745e-02
4.461463100182193331e-02
6.507853357161687280e-02
5.171645264239541073e-02
3.100022729703031873e-02
2.264572072358259081e-02
2.601037268407257325e-02
2.104774442756655178e-02
4.619954843972336189e-02
1.738062581180307986e-01
8.002289551386441990e-02
1.935301197817868579e-01
1.979296548150716595e-01
1.710464163035251839e-01
4.310374873119896671e-02
3.121293007057531280e-02
3.387546994597209760e-02
6.005464508143788793e-02
9.520486503018284197e-02
1.165126632000099693e-01
3.531862284750497682e-02
7.754245010972440899e-02
4.617907182942947164e-02
2.001663959552883384e-02
5.314519399962645135e-02
1.116594598738119282e-01
7.840550319084316211e-02
1.619095498370147213e-01
6.987942584947084979e-02
1.866491157026570549e-02
1.382988336337773461e-01
1.164125382488614413e-01
3.123626223919611158e-02
2.901922491786553329e-02
6.469863397430999918e-02
2.565354312649197888e-01
2.817002467402995869e-01
1.485234563867295354e-01
6.409660134308278745e-02
4.321408865390530957e-02
1.480912247617151567e-01
2.205057978577348310e-01
1.898436945484468230e-01
2.440701242846622654e-01
9.631762673644651829e-02
9.405157161496402463e-02
1.192486461990952124e-01
3.620142989684601020e-01
2.031294866936435572e-01
1.251662766921386172e-01
0.000000000000000000e+00
4.245028621386155721e-02
1.853173373703671106e-02
3.897820003726287785e-02
1.748837560740441888e-02
1.966646723610921202e-02
2.829554304654055552e-02
0.000000000000000000e+00
1.069962553220762808e-01
1.602710369911666266e-01
1.125553965425209746e-01
2.287151556680960818e-02
6.795638327532099732e-02
2.785803060779093801e-02
8.290787045190931015e-02
3.068537350362786006e-02
6.928272598250148628e-02
1.872825453047406996e-01
1.312439926683253155e-01
2.409137867423305490e-01
2.452906271857948073e-01
2.474232854983387797e-01
9.670733150446660098e-02
3.132194861685157206e-02
0.000000000000000000e+00
4.784650136156132216e-02
5.737902188410121812e-02
8.167215998216396933e-02
2.675673004545037204e-01
1.258032908467513200e-01
5.904093231225540639e-02
3.649518001247734067e-02
6.663900463284927467e-02
5.610735957863925011e-02
0.000000000000000000e+00
8.611940812849461224e-02
0.000000000000000000e+00
3.233701726846061053e-02
1.484117954361076630e-01
2.682945105489000226e-01
3.018796300096601160e-01
2.745922383804692002e-01
2.556311864080818008e-01
3.377485969448675712e-02
5.513140240318678553e-02
6.131977013704124208e-02
0.000000000000000000e+00
2.493307977389319988e-02
3.135565149487196113e-02
2.395424769615685234e-02
3.404528746451269960e-02
4.076495641155336580e-02
0.000000000000000000e+00
6.081561195025223659e-02
0.000000000000000000e+00
1.883524942466769658e-01
1.089427162280560968e-01
1.172131108015865564e-01
2.165838044396765638e-01
1.735148743582495545e-01
0.000000000000000000e+00
7.216184121576875443e-02
3.496889719412216158e-02
0.000000000000000000e+00
2.382772525476698211e-01
2.730928460579011841e-01
1.600803972988863455e-01
1.345055675261692951e-01
3.731371334784600036e-02
5.893362524018824766e-02
1.195498040868311213e-01
1.549066064101787821e-01
0.000000000000000000e+00
2.310991322922729962e-01
1.477918167381632175e-01
9.625245086044210974e-02
1.140760711454597148e-01
1.552335266278822568e-01
2.693592469659690514e-02
1.022657115658549137e-01
1.265861002530094537e-01
2.653580915360271783e-02
2.565637326088064316e-02
1.619137579210335742e-01
6.447885384240925610e-02
1.901794530947713002e-01
1.402669950865594595e-01
9.861214877966051340e-02
3.607619873445184339e-02
3.185715094037248202e-02
5.790399604943326922e-02
1.207953821566262187e-01
9.763204311355395959e-02
1.351168181600768126e-01
4.146870775170231893e-02
5.381182906013678990e-02
4.556557556224478250e-02
1.252279712901304687e-01
1.336186628608064253e-01
0.000000000000000000e+00
9.548791260352920696e-02
9.808185018104191577e-02
5.820726815782669566e-02
9.953063027683614616e-02
1.424947848693718377e-01
1.569668003053636129e-01
1.647384389424626783e-01
1.994689927237910110e-01
1.388805885262180129e-01
4.117191551497222796e-02
5.911818994103654190e-02
4.292086495803978941e-02
4.912569026088025453e-02
5.379347982008433199e-02
6.328490231575367719e-02
4.137698575047082244e-02
0.000000000000000000e+00
3.271500771271080438e-02
1.938120191637403011e-01
1.154063100514271523e-01
1.278824710633522932e-01
1.402857585398958606e-01
1.836441314225313870e-01
4.233383522607266775e-02
4.753468469706415012e-02
9.514284785547801049e-02
1.021429832915104197e-01
7.127263786127246981e-02
1.979412326183808968e-01
2.377409071720224254e-01
6.131270979220775075e-02
5.851041303260572785e-02
0.000000000000000000e+00
1.091311533779493331e-01
1.104202656378100444e-01
5.023013242848058113e-02
2.957368398432819179e-02
2.881497259281905199e-02
6.821479263368143697e-02
5.996845874541310850e-02
2.777063859529427595e-02
4.809120880636651163e-02
4.476010517352378704e-02
3.496573185581557108e-02
5.725408933211938861e-02
3.245145063788287820e-02
2.996391993624291858e-02
2.831534941012582574e-02
3.681673904186585217e-02
4.897954882061087561e-02
3.607125360486841681e-02
3.939956347731114750e-02
3.561285616981173935e-02
8.836931054000821129e-02
3.472423798644063558e-02
4.372912217582405198e-02
4.861785417636053930e-02
3.466032798823532463e-02
1.307003203720316920e-01
4.217080766219752364e-02
7.630686770803613017e-02
1.785725015543936089e-01
2.184634345532234512e-01
1.073611016937203594e-01
1.268477148118961895e-01
4.510220735777684814e-02
2.995899891187931915e-02
4.764337829455096013e-02
5.920724640083768753e-02
3.813360714391528239e-02
3.222982522989694537e-02
2.943444185965789564e-02
4.023196401117658250e-02
2.780124653666875278e-02
2.593197758823753349e-02
2.956456600021268796e-02
2.869926092552392907e-02
3.070512419295652606e-02
5.280726042825810429e-02
7.189053669780198774e-02
2.940127471713437080e-02
1.172408810237987181e-01
1.258231626369047396e-01
1.591368382532418191e-01
2.728832615838855391e-01
2.654107465772862495e-01
1.779957078367108425e-01
1.098459249384066139e-01
2.984279413899258021e-02
2.851871304315952566e-02
2.293905233638232621e-02
2.501897721025949858e-02
1.974224976025171219e-02
2.052671993474101952e-02
1.941817974416137210e-02
2.939118634253365045e-02
3.088980586238978740e-02
5.289575420865747640e-02
1.105713465211966562e-01
4.646585206479712793e-02
6.716466664562267819e-02
9.927551874855437830e-02
2.160516439662543420e-01
1.202212240733465248e-01
3.449796247070539140e-02
1.868065297285713411e-02
2.170997192045974120e-02
2.779991936693941568e-02
2.285530413415163761e-02
2.139694195171533767e-02
2.696994311168283628e-02
2.440616157296909491e-02
3.857847862101777131e-02
6.648451266046652430e-02
3.031865634458823233e-02
3.784297658373494966e-02
6.765689375902664282e-02
1.121438083569104710e-01
7.274445920297864521e-02
4.235709671140715921e-02
5.088664439321183286e-02
0.000000000000000000e+00
4.609048092110503564e-02
3.669076839413329405e-02
5.554170498471919237e-02
7.819092680695488573e-02
4.404521960433652877e-02
9.942918738235285991e-02
1.291348309580363229e-01
3.036549311941548479e-02
3.367944806594555529e-02
3.351715081410068520e-02
5.551176636556111321e-02
3.337822433412956230e-02
4.122737561207016899e-02
3.823124344766896249e-02
5.263105445865695620e-02
6.104200819867086625e-02
4.134014170579931174e-02
5.806398591244984336e-02
5.776947693819649982e-02
5.120452340326244606e-02
5.315198236492791467e-02
7.328861884809567684e-02
5.937072789425478642e-02
4.640008061702838305e-02
4.910436877337268080e-02
4.527939122501335734e-02
3.120317841793641273e-02
2.875430355138820782e-02
2.957979652250152663e-02
2.729038573492178002e-02
2.618014082598468448e-02
8.540747043646167158e-02
5.770140962022908548e-02
5.639376316702968822e-02
0.000000000000000000e+00
