5.109241668642667440e-11
1.057893725737053807e-09
1.052252369726383306e-09
7.837087021231385143e-11
5.477859876252723580e-10
2.290640856573496095e-10
9.018156921131393747e-11
1.439932218393297535e-10
3.370390543770326876e-10
8.867334720604700936e-11
8.062957602340115718e-11
4.007705775111389724e-11
7.267404083403808078e-11
3.388559255967448055e-11
1.275143872700046122e-10
2.394807473971497116e-10
2.744919647800798853e-10
4.140590614796516095e-11
4.714695529268081209e-11
3.838058734700170194e-11
4.171298513093860181e-11
5.958612037674790854e-11
9.281299037697083428e-11
7.028293216689035897e-11
3.264223896674289769e-10
2.456866105427446858e-10
1.097818562031105428e-09
2.422876739867916386e-09
4.799420921032974795e-10
2.154517583374506412e-10
2.155966643924515687e-09
1.202260868151640407e-09
2.338114789152105483e-10
1.488145641728893394e-09
3.192499400572132398e-09
9.621283923252261614e-11
1.657032672997996053e-10
2.325170924489584331e-11
2.171952000364609696e-11
6.091957769346950589e-11
1.812806856119540925e-11
2.417462922612480883e-11
1.016461743619569562e-08
2.702708255799193821e-11
6.338173556297393406e-11
6.850916881250708991e-11
3.182524389617390116e-11
3.757621504789378367e-11
7.139553054486812012e-11
1.522685391700382949e-10
6.007662109869797123e-11
4.478525933927703132e-11
3.263148920934349765e-11
1.716069856651541354e-11
2.663865773073484744e-11
2.150075886953096371e-10
4.840020379469342791e-10
1.003375712046721548e-10
1.613546526402126047e-10
6.989117943855649700e-11
8.464761731188485754e-11
3.085557871636721047e-10
7.212872724929200548e-11
4.414821629239988246e-11
4.566864607522036956e-11
1.132411042482409009e-10
6.792630419736056751e-10
1.381323870086995429e-10
1.369591109283564608e-10
7.765673353412508862e-11
9.534648702778546879e-11
2.574044610591621749e-11
9.616419256161448082e-11
4.457543739103595907e-11
2.577306587055908560e-11
3.808405490192902788e-11
3.107511561360603101e-11
3.770941872793907405e-11
5.649744135047505694e-09
3.156355466086008718e-11
3.426449007486183618e-11
2.545716495063808762e-11
2.928390168899579286e-10
2.717224329676477985e-10
2.164445058480722356e-10
2.848135500163599950e-10
2.852946215554430472e-10
2.638044135644935287e-10
2.244928745520165099e-10
7.028545561901375205e-11
7.538303173691960833e-11
1.361150286057246039e-10
5.455769869763960429e-11
4.571882780450033829e-10
2.795158689195677437e-10
3.034029069144278280e-11
2.038365264400003368e-10
9.538487575154226443e-10
7.760627670828664442e-10
1.232186263889867856e-10
2.959141533550557513e-11
4.044141250524116102e-11
4.984851932208733662e-10
3.242641402480787929e-11
4.191911657092172215e-11
4.794763345778809500e-11
5.216868090975822739e-11
3.994619448991920685e-11
1.015820860711005441e-10
4.413511209621007951e-11
6.865442177337538579e-11
2.427253231147481615e-11
2.166887220269774899e-11
2.069399806400514778e-11
2.530330917180478939e-11
6.395233862847069932e-11
8.149984641609399260e-11
3.678914153505198572e-10
1.156819998305103944e-10
2.516699981418075345e-10
5.805416330548882919e-10
3.792897178132188388e-10
3.631000255201794817e-10
7.957241711451652183e-08
5.598709661390564570e-10
1.183839704468131497e-09
1.957897797327816867e-10
2.089967557865902877e-10
3.764296266700335021e-10
1.473782543712307485e-10
4.553027239353655831e-11
4.203716789941916522e-10
2.465467531211666285e-10
6.747786152336280168e-10
6.521135823836975731e-11
3.664799092248386537e-11
2.952151749134032914e-11
7.005045231776904072e-11
1.315526227979948650e-10
8.206364111146790005e-11
2.004872283282694112e-11
6.958050686169627625e-11
9.951979562238748251e-11
9.693914704660104298e-10
4.683165002608716854e-10
3.831604344066478085e-11
3.630614974384095917e-11
3.489409776361160315e-11
3.273761747946949935e-11
1.030417736868509173e-10
4.021626913723305306e-11
7.951211377925171634e-11
4.475570800884588219e-11
2.892775498639357389e-11
3.158540859706201280e-11
3.323276912134729266e-11
7.372483122430286835e-10
3.203243995910387181e-11
4.652342390699703711e-11
9.770592203888488424e-11
1.116886379332362816e-10
5.406188435785450234e-11
1.186252039232056688e-10
1.066097992728448928e-10
5.224438497400419170e-11
3.075238887480595561e-11
7.121463073647889105e-11
5.985109533672512709e-11
1.456604967285262121e-10
1.079191005718797156e-10
5.032552256196691004e-11
1.014692759008938059e-10
4.502730094034618140e-11
4.600982863138744191e-11
5.322092340263333211e-10
7.785911117128285520e-11
3.537033409268993224e-11
8.757475688968590166e-11
1.101801291954508537e-10
3.768216025462571435e-11
2.722549205329018169e-11
4.176513777711196358e-11
4.939018938160193571e-11
4.804404101135963530e-11
5.975009900004161698e-11
7.927641501687480914e-11
6.132184733167022991e-11
6.524360266584040161e-11
7.235508565677836499e-11
2.020413863266648875e-10
1.687309572331593106e-10
1.803178509547282347e-10
5.409633388849991414e-11
7.621325663611501871e-10
4.714235215017453570e-11
6.761725701874557480e-11
9.901021640012276978e-11
4.327508787795490273e-11
2.852059486630669743e-11
2.898500345226879906e-11
8.737847264324183916e-11
3.553548512769163991e-10
6.826096405110937632e-11
5.944081566464440665e-11
3.035499562730046169e-11
2.245021203941180443e-10
5.249033518666304008e-10
6.730537087230402922e-10
1.827821796260430763e-10
2.629083186471355029e-11
3.241061056417852161e-11
4.895212486145810585e-11
1.606213776915532846e-10
3.281009457971684377e-11
4.650974061967866720e-11
7.267068226221881229e-11
2.621891050106368206e-11
3.270835734676956061e-10
9.115034986936334361e-10
4.142234257543825650e-10
2.179801855794940216e-10
1.408930800635991887e-10
2.135580506347948150e-09
1.090174723238544349e-10
7.337127373361776671e-11
6.199535203111725300e-11
1.184168937147653711e-10
1.957666094873150404e-10
3.234589752282922038e-10
4.892627717410875534e-10
1.364380561785047087e-10
4.056013450888381328e-10
1.603966684916707526e-10
3.947740179046578218e-10
3.404654299626967135e-10
1.888202176650057947e-10
1.298983942376195496e-10
4.888077758147261806e-08
1.825719115120018908e-10
2.553864430575185513e-10
5.556719684630772177e-11
1.971462543180884286e-11
2.419982232875248334e-11
4.231576472804819219e-11
2.586790452784764828e-11
1.222262094337391625e-10
1.042336740439080648e-10
1.891895156612917954e-10
1.136152388561030555e-10
1.270528155163824575e-10
3.814739146685058123e-09
3.840709386449309165e-10
1.082938816034755673e-10
5.445777407685967694e-11
9.512787236940002846e-11
6.705155869264375554e-11
1.282605170039855496e-10
7.655932154589636613e-11
2.525800552952203805e-11
2.035139693122786600e-11
7.698789406832094040e-11
8.193540100776985430e-11
3.093243924353145507e-11
1.402610497903198614e-10
2.462224486433652300e-10
5.371590689391578498e-11
1.956788326538735378e-11
2.101620071135184510e-11
4.850081114701117279e-10
5.270233444103803909e-11
6.005304079031672608e-11
5.421175253698999161e-11
7.136006795839888994e-11
3.448286483720382143e-10
7.538058472992480374e-11
1.515683763859924003e-10
2.060543050395609458e-10
3.490549487661127364e-11
6.223188969698743722e-11
1.734555372659969512e-10
5.252378947328287725e-11
3.809374301957246408e-09
9.670006034591678167e-11
1.245145028815086907e-10
1.188137021627560630e-10
1.122625983368950593e-10
1.690550447726205202e-10
4.687667705901280814e-11
7.007395471335168047e-10
8.367149289586034300e-10
1.800588088233799825e-10
6.063555997420611034e-11
2.503188695619579263e-10
3.178322292610363102e-11
5.929773812789134223e-11
4.245985523300459857e-11
6.881492758884842325e-11
2.094964881102414966e-11
7.152731288541456392e-11
9.476520740753967895e-11
1.251422837557729536e-10
1.370804099434263754e-10
8.404185495853010723e-11
4.625137895434576598e-11
3.970357069554611609e-11
1.556311387372655703e-10
4.013677156389352158e-11
7.298742713541891990e-11
7.634156897987040393e-11
3.877328950441317779e-10
6.391099611027804745e-11
1.157922929293057655e-11
1.916609453922952941e-11
2.046079277079545315e-11
1.457948831152248661e-10
4.770490739560346187e-10
8.233553292117329035e-11
2.928086813308663797e-11
2.980203527627671713e-11
1.800216302794649795e-11
2.498575121070333088e-10
5.107891474781015082e-11
8.341970563752541610e-11
8.310947662594038346e-11
9.357555662187215671e-11
7.661386461465987227e-11
3.270111659082357410e-11
1.654939975291458179e-11
1.675242952395341909e-11
4.888913403156544118e-11
2.025522003331502855e-11
2.550708543411585781e-11
4.108532532476135750e-11
9.149226965673842862e-11
4.419023944117119530e-10
1.606372248642305886e-11
1.637580050269739886e-11
4.782457746675078900e-11
2.635470544779028907e-11
1.679035412633529670e-11
2.252325333697014365e-11
2.412422430219204683e-11
2.497723547684887319e-11
2.840297211023956550e-11
2.086007395143947708e-11
1.829974110854360277e-11
2.037631764610902683e-11
2.863386638689868835e-11
2.073850810208688537e-10
2.088727687682114948e-09
1.566906770189525565e-11
4.784296006877063889e-09
3.481978070591584364e-10
3.677606015352956739e-10
6.224801473165656325e-11
1.644518523033883753e-11
2.386820443698988983e-11
2.616815876381491823e-11
2.658014894629951566e-08
5.503954294110413002e-08
2.515784066916037935e-10
2.135258824470691742e-10
2.653890064814876000e-11
2.945632445025758120e-10
5.842939822578608290e-11
9.491521782567638968e-11
3.704268768363116140e-10
6.049128138097764967e-11
1.824907034960254989e-09
4.083063521024305328e-09
1.550790580732334632e-08
1.335950423220992018e-09
3.056370725714778438e-10
1.089679459170476815e-10
1.866829175280431443e-10
2.291287224642317900e-10
3.008593566968913929e-09
6.504993796847286154e-09
6.670940570000214838e-10
1.389255143253507813e-09
1.468608542629858701e-09
7.014301916154878153e-11
1.088540627531363587e-09
3.770091842078830180e-10
3.880006879633442235e-09
5.248547829734050356e-10
7.372448039274587799e-11
3.719885964954092515e-11
6.983198166632858853e-11
2.227759453195489694e-09
1.378239435044942641e-09
3.447287825085516644e-11
6.049268896567145914e-11
7.934521160115747553e-11
3.854512676676006561e-10
5.578751318384344474e-11
2.107634407086615795e-10
7.829670043706685127e-10
2.396705004532458150e-09
6.276530739489431065e-11
6.953337680391008487e-11
5.563564988757318879e-11
2.604388739830873525e-11
2.244399010121090359e-11
3.725153063135104878e-11
5.928439589524604657e-11
1.145317697374588884e-10
1.573039721976623111e-10
4.766347560225799291e-11
3.178005438530443149e-10
1.826712839628644686e-10
3.777826629539176702e-10
4.319144609979396687e-11
2.906455784229135228e-11
2.414086377702496272e-11
5.280208269803908905e-11
1.256156517373238582e-10
3.142647401691206225e-10
3.958890873586367162e-11
1.624811817445395251e-10
2.019439011777289820e-10
3.145764444334929600e-11
3.477222384723117821e-10
5.433825984870731568e-10
9.173522513971854838e-11
9.007327900081672928e-11
3.719076429662665549e-11
2.123627201134155324e-11
2.152186341030608438e-10
1.326457414213496926e-10
1.920102923462804405e-11
2.052073072069894350e-11
6.617985500980815015e-11
8.234162796708378569e-10
5.704815131142095687e-10
2.945135150578667568e-10
3.763834620279370608e-11
9.441521031706165966e-11
2.347329582745882798e-10
9.907065617791022987e-10
1.302102728983459178e-10
1.793624883149838663e-10
6.071077283803516994e-11
2.968078099660284642e-11
1.649258314993708713e-10
2.789525092417668842e-09
1.507359835599487509e-10
5.863120675871497044e-11
3.954409440590526652e-11
2.164913941118801041e-11
5.696020122783430718e-11
2.599619985458345236e-11
2.036868194352408691e-11
1.735942880578891546e-11
4.187785446677890865e-11
1.045584992239204202e-10
5.943812727023914516e-09
8.036515608372195938e-11
5.253362102366801692e-11
2.531314422843303475e-11
3.992088810723695316e-11
4.956507315026620106e-11
1.620972868662216359e-10
2.884495902856771374e-11
4.748404244663137106e-11
1.311983485697364145e-10
1.121070803531039863e-10
2.053294091113443700e-10
1.890828171895955339e-10
1.533107496340428295e-10
6.537339358517166030e-11
6.266152237153148701e-11
1.557207395306591619e-10
4.168877205250339170e-11
4.876025115874070709e-11
3.692023534125852140e-10
2.864222810897115080e-10
2.173886681894215089e-10
2.392155274621537037e-08
4.761296545037024918e-11
1.023829191976197225e-09
7.122537768451131431e-11
5.933401686693744135e-11
4.177425248750761857e-11
3.716908496515348617e-11
1.757868023362333287e-10
6.470347959693941009e-10
1.110601354628907761e-09
7.624247812827837668e-10
3.356178559561374329e-10
1.064910735749207350e-10
2.205712953130837276e-08
2.181142918110108202e-10
8.306666229181657891e-11
2.879322570745046346e-10
4.631478345208795881e-11
6.717299526029704266e-11
1.729857141458152525e-10
5.010328557503384038e-10
2.140651954456359188e-10
4.441464046914178461e-09
4.344352385760652100e-09
2.113721333313978404e-10
1.217190108116770034e-10
1.780031753028033023e-10
4.222368661883281078e-10
1.971242859488826091e-10
6.672419686274092178e-11
7.829441573121051472e-11
3.882026857686850945e-11
4.884435643636809144e-11
1.049944158603949411e-09
6.116872158530717643e-10
1.474663588936786057e-10
9.941718705957420917e-11
3.706388547727978138e-11
6.291919195567967545e-11
4.541974218059114126e-09
2.127059549949699980e-10
3.064864560452488111e-10
7.263709302632597961e-10
1.845680926507556534e-10
5.944194878014588582e-11
6.971452484381125808e-11
9.804077209090051696e-11
2.473300111613405966e-11
5.293774617518815986e-11
9.626645114918368749e-10
7.072927224975679847e-11
3.053013888356981123e-11
1.624735081193950344e-10
6.708798049592911316e-11
3.605939973543583252e-10
3.590667972119409531e-10
1.258099930497698731e-10
7.927076733064655212e-11
9.194370241385346526e-11
7.990039515284667650e-10
1.310202576434273670e-10
1.167629334420884871e-10
1.115678365750168390e-10
6.762761358026725319e-11
1.082831922537684390e-09
5.559235377594343113e-10
7.518622471895522504e-10
1.493366800042951815e-10
5.576890169910157943e-11
2.432908381733005678e-10
2.289686452299549939e-10
6.798299944753848367e-11
1.260085470142107119e-10
1.587397397308174806e-10
2.006514370494435020e-10
1.767649959514012333e-10
2.692269341692925012e-10
3.262315927135822532e-10
1.005394229629544116e-10
1.488192107229630730e-10
1.316282924990263133e-10
1.742265520099198106e-10
2.385932973255120471e-10
1.847136634300937511e-10
1.129314212244003911e-10
6.715865740340451812e-11
7.143904254226311393e-11
3.222900589131469609e-10
1.351824888309652033e-10
1.480392379116126493e-10
1.254691040176631048e-10
1.703598501732535199e-10
5.733360658581087835e-11
6.039787226385904028e-11
1.019177406640940282e-10
3.021271386752659562e-10
1.088504428161900584e-10
1.522578849576181476e-10
2.654300027610755135e-10
7.443240705697710066e-11
1.520208855928100714e-10
3.616855990780757874e-10
1.339273678356357250e-10
1.127909027929595653e-10
1.322079390376475044e-10
4.525379311524476516e-11
5.146920796485521483e-11
1.274274846533538426e-10
8.918273613378658823e-11
1.057412265725850036e-10
1.041924141832535198e-09
2.107956040314376006e-10
7.471103159442519757e-11
2.294043106696003253e-10
6.433629378728012754e-11
7.576413293092073171e-11
5.343242237336508720e-11
6.783401180725331000e-11
9.307851113435048441e-11
2.146064595506604933e-10
1.276818886594149909e-10
6.084681275108209974e-11
1.842294988146943997e-10
1.012333095461341341e-10
8.942646252061701636e-11
9.048005224985672656e-11
6.589690546965119609e-11
7.989046374649296685e-11
2.162846417054370090e-10
5.173200770660020025e-09
9.169451385147401184e-11
8.982443449227091862e-11
1.660905677532334214e-10
4.734360192420297819e-11
9.680341236146458590e-11
5.700070870280380848e-11
4.719212285550190449e-11
6.650377203847857711e-11
3.228328832479653427e-11
4.589798874691349357e-11
6.299769707275614170e-11
4.651669423593841528e-11
3.799159897464425338e-11
4.271842882035692121e-11
7.324401378431057533e-11
4.429434640872490533e-11
1.089687663539917267e-09
8.662567462858837637e-11
8.602612946142191587e-11
9.018173320601267037e-11
1.252688945527223621e-10
1.182152972608594394e-09
1.907293107867153933e-08
1.518030085044744366e-10
1.036976684665859966e-10
2.686817665800120741e-11
9.431822989684871936e-11
2.559645266023520328e-11
9.378675884023018419e-11
1.930147032623786158e-11
2.656390717097046481e-11
1.853726107366419816e-11
3.812369383980223760e-11
3.775551616086548148e-11
4.425226579223932527e-11
9.674417212948131938e-11
5.612834415709576198e-11
6.208646750827830267e-11
9.963173987342105403e-11
2.120092005872741984e-10
1.098290865254645319e-10
4.291717289542276886e-11
1.574594983110145653e-11
3.484552042748048462e-11
2.901473300280528330e-11
2.269095680295646089e-11
3.195097093989900357e-11
6.915462462906966224e-11
3.569999619382488466e-11
5.912415803990421892e-10
1.686694980148270004e-09
8.878619987628317261e-11
2.892967517740757890e-10
7.221632451076530120e-08
2.137019119416723556e-10
1.988436405881581823e-10
1.382571529090412817e-10
1.984012621231346224e-10
2.447107228032517522e-09
1.542917584085721744e-10
1.248496721743399255e-10
3.025344155363874496e-10
1.064921228592883607e-10
8.402933441859664533e-11
2.507130199646179353e-10
3.050418625670278796e-10
1.081132621430684718e-10
2.017187833355214179e-10
9.558821956701914189e-11
4.587194042657068387e-10
1.583592322026820806e-10
8.229885813653877726e-11
5.344451549735623138e-11
7.696898030914366769e-10
8.749406801841800451e-10
1.866187796609308517e-10
3.467976258680899150e-10
3.669048509207644045e-10
2.652021276774234587e-10
5.419533363028637931e-10
1.909413015702565365e-07
2.843663490785860646e-07
1.440086823782680177e-10
1.821921813821308232e-10
3.171642899675974239e-10
7.926637152143456692e-11
6.094824776890139208e-11
4.605231544076730970e-11
6.554401720646430627e-11
7.181456895805403590e-11
1.870052562776966497e-09
4.155948496287228816e-10
4.188113893255761369e-10
2.468105370818932508e-10
2.638558136607022300e-10
