0.000000000000000000e+00
2.506584512201650572e-01
1.858445072955969835e-01
3.719285306388370183e-02
3.645976475718460535e-02
4.199994059549434083e-02
3.443360640936490857e-02
4.214692250202681234e-02
3.820598460514042921e-02
2.943526165377070153e-02
3.848092595549008899e-02
1.903883476444042863e-02
2.001843968313868002e-02
1.982126118578116103e-02
3.353792662497840499e-02
5.658644382522205057e-02
0.000000000000000000e+00
2.338056436370059346e-02
2.007961061933183702e-02
1.939169244483878937e-02
2.178948194528058241e-02
2.750799389165545228e-02
3.182089954330638570e-02
3.242204901628612662e-02
8.256124427830799362e-02
5.793002579860255519e-02
1.143007159481036761e-01
1.027695717482458304e-01
1.171296391683257637e-01
3.729245320698939409e-02
8.610441182842130947e-02
7.154292878664032795e-02
3.270243809771320592e-02
6.845689941782023835e-02
1.176312347622171517e-01
2.566501373771202035e-02
2.355843071544587441e-02
1.788251598114315097e-02
1.710381528892030226e-02
1.905709471480322714e-02
1.676684816932414585e-02
1.874153876187964821e-02
3.824568302548322224e-02
2.241699381578311084e-02
4.221455419316152979e-02
3.551199533131985109e-02
1.800844387930252907e-02
2.167195663770889180e-02
4.023147684213044389e-02
4.984139022120614299e-02
3.525175364343451079e-02
2.427870645423407109e-02
2.190678812350860261e-02
1.714386300324270695e-02
2.076517583761180313e-02
6.134500723999176952e-02
8.163965183953685034e-02
3.009632854102637159e-02
2.410075020674932664e-02
2.419896498879830701e-02
3.856304991530552784e-02
4.584689459409001244e-02
3.350339587279849846e-02
2.263522370573226028e-02
2.354456997017730438e-02
3.309272275395819946e-02
5.640269857154479177e-02
4.373008350766187380e-02
3.527449089961094686e-02
3.252555521552950857e-02
2.167526780266798223e-02
1.950903465860341288e-02
2.470726678144010216e-02
1.847529279618136122e-02
1.838563369797879127e-02
2.154492410887274070e-02
0.000000000000000000e+00
0.000000000000000000e+00
2.563102568325418759e-02
2.026788571442410605e-02
0.000000000000000000e+00
1.937923168678284264e-02
3.408412547556692596e-02
5.323927222878035992e-02
6.583480962004999160e-02
6.359072453515726697e-02
4.193399679409442332e-02
1.966351538487548858e-02
2.407207968371686060e-02
3.206230311113738435e-02
2.562921062397164468e-02
2.293672153839228928e-02
2.521101916977984414e-02
1.015587846194815069e-01
7.614576269341469250e-02
2.365771160814395674e-02
3.228618703041734317e-02
2.412523762472757460e-01
2.644418539086332842e-01
1.023348587707451907e-01
2.167051747278490523e-02
2.578622699522309727e-02
7.370695977741387184e-02
2.030584950354892559e-02
2.565188977875999810e-02
2.315247553568988703e-02
2.085832300730698294e-02
2.409681621895271714e-02
3.587121044012705345e-02
2.465927906163829786e-02
1.852989266729501705e-02
1.691895138029376675e-02
1.814916457385970169e-02
1.647099666853035771e-02
2.000261981594428362e-02
1.895079647928185271e-02
2.469750427059492701e-02
5.295771840773076666e-02
4.140634466222450905e-02
6.135225676383181809e-02
5.050438353351701520e-02
5.737587462767950591e-02
7.429424942550587330e-02
7.035858006005406284e-02
9.100454491287296444e-02
7.998579311228067035e-02
4.281622945972458905e-02
5.371943900210871675e-02
7.486623206411527343e-02
3.408257862005760475e-02
1.988753369389115525e-02
3.852576666047449749e-02
5.081550431537628504e-02
4.248647556273404957e-02
2.619644325692097389e-02
2.480885122412325450e-02
2.005750261963954242e-02
1.964798999352018044e-02
3.154665700894605795e-02
2.277844312217056424e-02
3.085730836513114403e-02
1.733116239553131321e-02
2.139564200565203037e-02
3.995448672137452001e-02
3.741446650350434278e-02
7.765442046749147786e-02
2.658791554224516560e-02
2.223231570892332531e-02
2.301403409205986933e-02
2.858569836813883505e-02
4.617149010061220860e-02
2.577265441393096143e-02
3.806702140538402446e-02
2.158846069168687473e-02
1.878910082764919179e-02
3.020951664789379640e-02
2.299037144821042267e-02
5.515122995887644652e-02
4.220112485075312725e-02
4.684309805645712338e-02
7.726140743515101661e-02
8.165547889748343835e-02
4.210507604089947647e-02
7.820502422013457522e-02
9.730590217477036452e-02
5.342863281054758412e-02
2.624991910817109017e-02
2.904703526080880047e-02
4.819035146513892670e-02
1.093953619344086720e-01
9.006709042497408613e-02
4.582046835414389785e-02
7.347445512415470836e-02
3.952950634672503655e-02
2.627304201197965677e-02
4.643203280913174580e-02
2.596480147760205776e-02
2.209260305731171325e-02
6.387326890798164514e-02
4.696512686347218551e-02
2.194597839159662805e-02
2.108486339652165115e-02
2.145116157855261191e-02
2.308085274547830648e-02
2.504573461850557320e-02
3.159955608024547780e-02
4.832340642266976655e-02
2.648818327796157931e-02
3.677243388189486983e-02
3.986272486704038609e-02
3.041897502690497218e-02
9.673235609489426456e-02
6.440604096990044936e-02
3.107725825990438617e-02
4.074159962561880316e-02
2.541564010864490880e-02
3.496871786680617877e-02
4.559835806483000104e-02
2.146324740560821842e-02
1.974518338213342161e-02
1.987852693797796666e-02
4.719427798907309402e-02
1.500752137497683436e-01
3.775620232567521856e-02
3.175435107981230271e-02
2.341197690028294295e-02
1.046540829860222732e-01
2.697919749626022101e-01
1.751723172193007383e-01
1.002834502327035332e-01
2.350849629576160643e-02
2.834317622130372999e-02
4.122699713153670648e-02
0.000000000000000000e+00
2.627694426017105830e-02
2.142788543743599436e-02
4.085271434000207341e-02
2.027741304523442145e-02
1.321326866192835681e-01
1.769579790544478226e-01
1.237568192180930754e-01
8.529541970320182742e-02
6.864368850717372794e-02
2.367755423043150023e-02
4.942812521686424515e-02
0.000000000000000000e+00
5.028944428502998831e-02
0.000000000000000000e+00
9.441012815287344595e-02
1.325638827387428387e-01
0.000000000000000000e+00
8.879404867858739503e-02
0.000000000000000000e+00
8.966581799031422828e-02
1.307302802339306846e-01
1.105841178655421891e-01
9.419208425928425610e-02
6.075869773508367488e-02
5.048373257721876922e-02
7.762252781258670298e-02
9.737932380511647723e-02
4.434436469188925145e-02
2.149491427456248424e-02
2.093047164677936181e-02
0.000000000000000000e+00
2.521450778394430242e-02
3.845612951221700354e-02
5.813315568851213505e-02
1.183864548227199914e-01
7.001748061484294738e-02
7.750680115079228161e-02
2.940616980473055933e-02
6.778539517728253416e-02
4.850624013699195158e-02
0.000000000000000000e+00
6.349206328742613981e-02
2.672242766243325407e-02
4.156063979023492255e-02
5.582783306044436511e-02
3.156972124183633072e-02
2.058211182633081643e-02
0.000000000000000000e+00
3.416680415236805768e-02
1.974570885342714216e-02
7.979765775728939192e-02
1.163219123512260617e-01
2.904938213545382383e-02
1.867006792764205544e-02
1.899615010886405650e-02
5.384000007606695726e-02
3.898994276370713885e-02
2.114868489979110713e-02
4.044464633666023518e-02
5.962754764282057057e-02
4.233747274706666647e-02
1.068694357864071603e-01
4.470632403391607002e-02
3.605624337870450696e-02
5.354345527835772250e-02
3.198530087084260759e-02
2.944121790437554884e-02
3.513196759835558042e-02
2.519764825490582172e-02
3.786313797748733917e-02
5.832662875524970147e-02
8.511246373858476211e-02
8.593187829852851067e-02
9.677343600281294866e-02
3.786605501718127292e-02
3.290605908819940056e-02
8.886690080225065347e-02
2.258142658867685199e-02
1.788459957189698912e-02
1.805710464113649549e-02
2.981012665297488526e-02
2.684201557808111108e-02
2.124618709137075095e-02
3.851083356424732373e-02
5.075128285268565992e-02
2.398702989433255245e-02
3.835614682357682548e-02
0.000000000000000000e+00
7.994197083551420058e-02
5.941546359704327762e-02
6.063465633310721054e-02
7.410062213696999578e-02
5.183085371557544924e-02
2.298548826597782493e-02
4.383410809072426501e-02
2.085803440152072738e-02
1.896294908703326232e-02
2.268204342878189436e-02
4.494471824076006622e-02
7.123054873540142495e-02
1.956952587831098725e-02
1.528575725420078767e-02
1.658368109341108732e-02
2.718976645142950552e-02
3.326266556041383021e-02
3.754354778664007602e-02
2.343872567315843231e-02
2.099176825800652679e-02
2.625498747218604767e-02
2.089168922685787078e-02
1.950549485390171492e-02
3.884601883924606452e-02
2.257884449368209590e-02
2.156518854352885636e-02
0.000000000000000000e+00
7.992343808105646652e-02
2.864992509162761145e-02
2.594661279319256109e-02
1.738707185182197454e-02
1.655070519688862582e-02
1.991271153801078830e-02
1.899047284816227782e-02
1.920961139322867328e-02
1.987659585160277131e-02
2.210754227159155219e-02
4.414502233141955057e-02
1.677628892928616916e-02
1.754442196232979326e-02
1.856453909992440698e-02
1.638900900383507761e-02
1.706723608778454998e-02
2.354718081593706533e-02
2.112663625944065024e-02
2.132487867416331048e-02
2.271252439104585671e-02
1.805453439405609387e-02
1.760527423265659253e-02
1.709022740810687419e-02
1.687113667512702905e-02
1.836490363958452957e-02
4.724008278563024410e-02
1.809855693891422937e-02
1.983790623973597303e-02
1.756212479102247509e-02
1.747680329854887568e-02
1.778504158281874262e-02
1.596885971747433880e-02
1.627978157015598157e-02
1.854356941921653928e-02
2.215937969114645592e-02
3.449081128355983850e-02
0.000000000000000000e+00
0.000000000000000000e+00
4.375914178417349837e-02
2.510703184150556502e-02
3.256255534860039852e-02
3.354119728893815294e-02
3.910224732494960165e-02
2.848986193743294898e-02
2.668551612633946607e-02
1.489954972026533431e-01
3.163928168821929510e-01
3.551546778427684958e-01
2.530919187250383340e-01
1.660591707505764680e-01
1.588409578876539552e-01
1.838707032370146544e-01
3.721411906952073467e-01
2.723390726171933673e-01
4.256288902499886784e-01
3.307860154007307707e-01
3.331660193122583657e-01
3.984132464392152739e-01
2.241138650678739797e-01
2.726599974136652560e-01
3.184146280752093161e-01
3.243798817215326480e-01
2.955930631006398746e-01
1.866087837330044075e-01
1.907004194291290755e-01
2.020292643258496113e-01
4.098294631322771941e-01
4.238352721774772403e-01
1.841132003350169632e-01
1.771707930034749356e-01
1.783192931630754319e-01
2.041122161497288534e-01
2.113917460164609352e-01
0.000000000000000000e+00
7.567661962832701317e-01
7.214214448785317702e-01
2.359721168494817722e-01
2.266931988648898111e-01
2.377439224773009174e-01
2.357082404867901493e-01
0.000000000000000000e+00
0.000000000000000000e+00
6.777478125937673736e-01
1.781310218497551834e-01
0.000000000000000000e+00
0.000000000000000000e+00
2.893984476930235861e-01
0.000000000000000000e+00
4.281916678380918717e-01
8.103197790515012100e-01
0.000000000000000000e+00
0.000000000000000000e+00
0.000000000000000000e+00
2.465906078419622949e-01
2.578527200686194787e-01
2.654669243169893167e-01
7.036245391713251696e-01
2.585693601439604805e-01
0.000000000000000000e+00
2.355929895750770997e-01
0.000000000000000000e+00
0.000000000000000000e+00
1.522978470309692023e+00
1.913981455899366413e+00
1.430120855420944581e+00
1.347476798130888831e+00
1.436290581442374092e+00
1.497319061542689678e+00
1.389456115908593414e+00
0.000000000000000000e+00
0.000000000000000000e+00
1.586638493942919892e+00
1.589188660021662480e+00
1.438357123845229957e+00
1.361804879880348151e+00
1.338258162421580133e+00
1.397650328387695762e+00
1.835804578542803434e+00
0.000000000000000000e+00
0.000000000000000000e+00
1.328160946978502732e+00
1.360850617757137115e+00
1.405057713916439521e+00
1.498006143258339140e+00
0.000000000000000000e+00
2.962056289475245574e-01
2.230394606165016225e-01
2.314764177185810734e-01
2.249096899547132211e-01
2.307544379934178824e-01
2.251172163361326584e-01
6.543117976773938915e-01
2.242954153104046722e-01
2.301364277270755432e-01
2.707963956184569199e-01
2.969667594694141988e-01
2.173517099032759858e-01
1.854065130484395252e-01
2.077210780644829502e-01
1.921700511099347919e-01
2.214460022336076639e-01
1.879523970950173761e-01
2.015094681838947299e-01
2.628004252901949833e-01
2.203081214411664324e-01
2.366226419701407124e-01
2.603499350150390579e-01
2.346907000691346445e-01
0.000000000000000000e+00
2.425955565657677004e-01
1.828120640529020680e-01
1.820747579952844697e-01
1.835368130315556401e-01
1.888061531521768588e-01
0.000000000000000000e+00
2.002894130343362555e-01
1.861763390673929486e-01
1.837511065589804427e-01
1.951655403326753857e-01
1.935240030323577831e-01
0.000000000000000000e+00
1.942574483605431224e-01
1.823771057249347349e-01
1.812887842506961944e-01
1.982226211766992263e-01
2.811407298438761138e-01
2.826523966289392065e-01
2.575540119077348034e-01
2.221852812596293303e-01
1.823280021480991608e-01
1.924534276516175757e-01
1.905416190025558121e-01
1.960074515640492232e-01
0.000000000000000000e+00
1.830955305420514656e-01
1.818200926943633888e-01
1.953398587810969422e-01
1.887290427943836557e-01
2.176582488983956065e-01
1.925594643015693663e-01
1.953538600333052655e-01
2.190753437250523572e-01
2.052842226222282573e-01
2.123740414487803874e-01
2.277283038763920353e-01
2.159864819441593420e-01
1.908951800025610879e-01
1.961591982220921848e-01
1.896328723002647099e-01
6.428256189009365906e-01
2.896585605129320951e-01
2.727211119281414131e-01
2.478341209551798707e-01
2.432056975658068720e-01
2.083362152981172721e-01
1.897518643111890946e-01
1.974392932244501409e-01
2.037699469213769821e-01
2.451217673047909329e-01
2.831599311554262588e-01
4.893637221619027144e-01
6.509501942195357049e-01
2.397078554037584130e-01
2.478374928717009817e-01
2.336987467220706105e-01
2.389266963144915656e-01
2.432637171049655544e-01
2.338598712587832973e-01
6.428208485825025464e-01
2.556885724598295662e-01
2.381903656513103817e-01
2.684575466780368957e-01
2.521582280957118116e-01
2.410048675291269205e-01
2.342082042230747563e-01
2.291659770931211981e-01
3.078884479279742070e-01
2.198755628072412149e-01
1.951235893427718526e-01
3.312400665947470291e-01
4.969130560072619884e-01
2.439658201576376528e-01
6.197437582178976223e-01
2.081567506168596760e-01
2.120959003630756012e-01
1.876637576123953988e-01
2.076588721090031620e-01
2.047293464105101046e-01
1.908663660091869663e-01
1.962749604075018361e-01
1.995952670950047192e-01
2.215315442077253061e-01
2.037785392592148803e-01
2.078300590457018981e-01
5.352425073797411059e-01
3.097880491835898753e-01
6.536479814715282499e-01
2.381800948111978122e-01
2.384411934880897033e-01
2.395231254266097232e-01
2.393847252513027768e-01
2.376265449428765220e-01
2.365393751148393009e-01
3.194996802012867732e-01
2.031547322733159577e-01
1.915501059290658226e-01
1.928485411920267123e-01
6.616279421413537865e-01
2.419805137533959649e-01
2.388266736669989176e-01
6.619890380807031960e-01
2.414613122936612732e-01
0.000000000000000000e+00
1.444110049856469846e+00
0.000000000000000000e+00
1.459073360698502242e+00
1.261236921519380827e+00
1.650198584557411419e+00
1.254049652839701379e+00
1.260136025751007915e+00
1.252579227933696693e+00
1.271970767882356856e+00
1.260027081830552564e+00
1.275548971721119917e+00
1.670492619763305209e+00
1.300768208993752895e+00
1.255005832698483426e+00
1.289641918375852514e+00
1.301420208771061127e+00
1.268380020809062758e+00
1.281559283428474361e+00
1.725467425951564548e+00
1.284085742663982455e+00
1.269950415718277492e+00
1.257982287996297188e+00
1.277756816725705846e+00
1.268891482633316636e+00
1.268855131091482180e+00
1.684636286743464550e+00
1.264551266972698151e+00
1.277317018673082449e+00
0.000000000000000000e+00
0.000000000000000000e+00
0.000000000000000000e+00
0.000000000000000000e+00
0.000000000000000000e+00
0.000000000000000000e+00
0.000000000000000000e+00
0.000000000000000000e+00
1.273910822201626658e+00
0.000000000000000000e+00
0.000000000000000000e+00
0.000000000000000000e+00
0.000000000000000000e+00
0.000000000000000000e+00
0.000000000000000000e+00
0.000000000000000000e+00
0.000000000000000000e+00
1.303227783592034283e+00
1.308278402830645559e+00
1.301420994249808949e+00
1.297241290459390628e+00
1.298697655368401760e+00
1.253646935807323448e+00
0.000000000000000000e+00
1.834659183312504216e-01
0.000000000000000000e+00
0.000000000000000000e+00
1.337753010657436903e+00
1.293829349359236547e+00
1.330791622697159227e+00
1.319690880421111379e+00
1.292539477270396420e+00
1.725197155855031861e+00
1.308888120998936033e+00
1.300155998064049800e+00
1.328534500612241320e+00
1.314324574618325414e+00
1.320403054435595802e+00
0.000000000000000000e+00
1.715777292254892394e+00
1.303736728824926416e+00
1.308014227006999652e+00
1.307897888916934592e+00
1.305105078823068920e+00
1.319763138293364779e+00
1.330921598161947328e+00
1.737129140722241116e+00
1.304647676430657155e+00
1.351568641738291499e+00
1.315931436894901996e+00
1.334304847136407846e+00
1.337771627652264650e+00
1.340354019771496707e+00
1.731196851369138257e+00
1.320179315275347154e+00
1.343672104075079199e+00
1.334584451966099206e+00
1.338116346252759215e+00
1.335061484764307194e+00
1.347895741492968869e+00
1.794440191791869754e+00
1.356386364009153356e+00
1.309064574275660586e+00
1.366884212985496561e+00
1.319335656478553664e+00
1.344949649991957541e+00
1.317665365611171646e+00
1.491373795817245940e+00
1.352912251755181705e+00
1.335430910661618231e+00
1.330485725524095386e+00
1.341281925907207739e+00
1.336709030018973676e+00
1.289441412147914523e+00
1.299820669591396749e+00
1.336693646722952211e+00
1.335221514730910997e+00
1.310684634047968533e+00
1.326565557099779413e+00
1.319453549580028584e+00
1.308097160413645987e+00
1.333255965001092225e+00
1.318772397808932517e+00
1.311140986920450446e+00
1.331702260823388828e+00
1.340383423288038500e+00
1.337520076470333219e+00
1.329662247187420432e+00
1.367541756447518297e+00
0.000000000000000000e+00
