0.000000000000000000e+00
1.807143120627368316e-01
3.234411363790351546e-01
2.009116901678917877e-01
1.362604361856549484e-01
2.180389957297791115e-01
3.092800969522698784e-01
2.241961599924011395e-01
1.619145501980245039e-01
2.775004632838325991e-01
2.704365870717650999e-01
1.661822026000249197e-01
0.000000000000000000e+00
1.426668951835465826e-01
2.501486839904605297e-01
3.361152451502842364e-01
3.656182852393258242e-01
1.976281714570035652e-01
1.568901627811567223e-01
1.739860673283107062e-01
1.813790091553194872e-01
1.891051731426694749e-01
2.547426964699620044e-01
3.063047442306178203e-01
4.488294572302511942e-01
3.705543765904127929e-01
4.692522351754245813e-01
5.494406497100097209e-01
4.442049553909950821e-01
3.774225790893344645e-01
5.132857824666327007e-01
4.477441681385189720e-01
3.069219793252870865e-01
4.074579997144105459e-01
5.065877004212541168e-01
3.284327191204856611e-01
2.627673733274352164e-01
1.540488556670906728e-01
1.298583562845952721e-01
1.544451413803553941e-01
1.219570843371096253e-01
1.779935710687752248e-01
3.400678983007356382e-01
2.818442800884763955e-01
4.697545950716512375e-01
4.774919178386377028e-01
2.188616658245350621e-01
1.977827270765949441e-01
3.180171930748909581e-01
4.524628466568080265e-01
4.081730762295408543e-01
3.479988633000986598e-01
2.666347722173160739e-01
1.731171673928002808e-01
1.859564570089870250e-01
4.354781383179809895e-01
6.022893839834642105e-01
3.988271849057558049e-01
3.258682093351723541e-01
2.756702289775075365e-01
4.163343917125514881e-01
4.498160289094680908e-01
3.641303535200444141e-01
2.032080789967132539e-01
1.786985599197775110e-01
2.558613224042397549e-01
3.188343805606089765e-01
2.738214755334832384e-01
2.150835868110450300e-01
2.188682921642063073e-01
0.000000000000000000e+00
1.345776598630694099e-01
2.413777139543365202e-01
1.435761591979869412e-01
1.450088526517764875e-01
1.935664502421228506e-01
2.386434516857614263e-01
2.064225314372664377e-01
1.691825268765340673e-01
1.609703594225923295e-01
1.683093416567166267e-01
1.546272918508774241e-01
1.948427120631556209e-01
2.152609482988410428e-01
3.436258731207416650e-01
4.135602592131926158e-01
2.440588772345223811e-01
0.000000000000000000e+00
0.000000000000000000e+00
1.719371027097509330e-01
1.983503877856415132e-01
2.330971468642457078e-01
2.297917455048461566e-01
2.008568128914207662e-01
2.351475254722408259e-01
2.527507990956135431e-01
1.839364258897280280e-01
1.831897283276976984e-01
1.675181794049319384e-01
1.797641044890987694e-01
2.674300818250546774e-01
2.377199356423339849e-01
1.888468959196178132e-01
2.421776861477947795e-01
1.869510402558914042e-01
1.818169224466391065e-01
3.337269723683609080e-01
1.746821899849053950e-01
1.392753916157727367e-01
1.764926725496747950e-01
1.742007060966838661e-01
1.261449216934158457e-01
1.318036790671974767e-01
1.457648997596795171e-01
1.504590640511516697e-01
1.457559579562969221e-01
1.869435826061491834e-01
2.072980647639196816e-01
1.476459767621230434e-01
1.489443670542700826e-01
1.867937053302823613e-01
1.628132935267885273e-01
2.387060535714032872e-01
2.107289130925446563e-01
1.557299783056644293e-01
1.550637604312758988e-01
1.384023065782393758e-01
1.645357411322735386e-01
1.931655070776019667e-01
1.800893741180192853e-01
1.593457622979264909e-01
1.563940527017886051e-01
1.985462924788188588e-01
3.449577200452321191e-01
1.819875880312745442e-01
0.000000000000000000e+00
1.350253538371459505e-01
1.988135261853591906e-01
4.059485477215156179e-01
3.236676394716647698e-01
2.234848567664720898e-01
1.419260480284878778e-01
1.602032569173315601e-01
1.679832396080070678e-01
0.000000000000000000e+00
0.000000000000000000e+00
0.000000000000000000e+00
0.000000000000000000e+00
0.000000000000000000e+00
0.000000000000000000e+00
0.000000000000000000e+00
0.000000000000000000e+00
0.000000000000000000e+00
0.000000000000000000e+00
0.000000000000000000e+00
0.000000000000000000e+00
0.000000000000000000e+00
0.000000000000000000e+00
0.000000000000000000e+00
1.715907507656468933e-01
1.207936309823624960e-01
0.000000000000000000e+00
0.000000000000000000e+00
1.754863994704385644e-01
2.412807899706997938e-01
1.446150477372743492e-01
1.214484081406844163e-01
1.226604571365561697e-01
2.005736469562472701e-01
1.369378097259693061e-01
1.149508929247953781e-01
0.000000000000000000e+00
0.000000000000000000e+00
1.464460448442232443e-01
2.531527905458140215e-01
1.824180272391326962e-01
1.579673269538881542e-01
1.959797981608442097e-01
1.445355260422855059e-01
1.300016783346781557e-01
2.017910606968873199e-01
1.312310664773741475e-01
1.869270053853259450e-01
1.793136365092350692e-01
1.639204201051587539e-01
1.811467239812443453e-01
2.024752061128329284e-01
1.525438124746672508e-01
1.363060111575252753e-01
2.068786646154207598e-01
1.103230037057012364e-01
1.006853271652251164e-01
9.616968256236703427e-02
1.357526304184482058e-01
1.463684521599535326e-01
1.280352813302803594e-01
1.573530083506835819e-01
1.806629484136061947e-01
1.391443649001271876e-01
1.558865528473771800e-01
1.752649037477150007e-01
2.142799506894759176e-01
1.814344831801930902e-01
1.903289993285825765e-01
2.091593270281685013e-01
1.946685155938210898e-01
1.554752140153836670e-01
1.913259711762793358e-01
1.441466055910126387e-01
1.107385163528134125e-01
1.207820084060872434e-01
1.654698475130815805e-01
2.471964206043180956e-01
1.718510054124076369e-01
9.138786812352361899e-02
1.161391571603213879e-01
1.669451505317211537e-01
2.303287167075379338e-01
2.488299953822621924e-01
1.529958833892626768e-01
1.408762810488123074e-01
1.880837632450634012e-01
1.399334627864698977e-01
1.525164265756475956e-01
1.453093270617631383e-01
1.135730429188265139e-01
1.325483191886437651e-01
2.018969734834494267e-01
2.762904140717010737e-01
2.166314179993300282e-01
2.013996243091501215e-01
1.416955988792349963e-01
1.007717029106224849e-01
1.521092402099244456e-01
1.438295952831405433e-01
1.470490534464688748e-01
1.547377152298094194e-01
1.410781824311868604e-01
1.809241363301763994e-01
1.529342786820994948e-01
1.387346116661992701e-01
1.248659774617132817e-01
1.155305267253503992e-01
1.364236821513036546e-01
2.093710857411161530e-01
1.599902631138203912e-01
1.338075083149742883e-01
1.684526347423553616e-01
1.928864661798730673e-01
1.659576515051175705e-01
1.132357228890984308e-01
1.114154150689383171e-01
1.604085592932235071e-01
2.867024602958067603e-01
1.484215169121141931e-01
1.104645058570836863e-01
1.224260827314462702e-01
1.294045154487379334e-01
1.811147378063690527e-01
1.268193004754398501e-01
1.173123644112063768e-01
0.000000000000000000e+00
5.041512836501084172e-01
2.132331457304968148e-01
1.823358814235131742e-01
1.707299600061372991e-01
0.000000000000000000e+00
1.109839268756750430e-01
1.259457098333082170e-01
1.124703596888440849e-01
1.517674922857026876e-01
1.474438708603657278e-01
1.151692267149884569e-01
3.451864273244607539e-01
5.769206347203111873e-01
7.037993423889601363e-01
4.396650807279393613e-01
3.589052910747718150e-01
2.284909427987794894e-01
1.898793282430059348e-01
2.199719910080917828e-01
4.350251675854289735e-01
5.544965847546446946e-01
3.908396015869971540e-01
4.157557839368113961e-01
4.000138076876151305e-01
3.011407497237869046e-01
3.730363133569387646e-01
3.870441496257004954e-01
4.613548153418091657e-01
4.513644833069871409e-01
3.617964994573211746e-01
3.090466745002424798e-01
3.194910785067708869e-01
4.782663470109939086e-01
4.977286128164907231e-01
2.769406567533762020e-01
1.701752266261740143e-01
1.702542339133636395e-01
2.557654740187577103e-01
2.824612364218363481e-01
2.986020887223947984e-01
3.440921225460439881e-01
3.963194308931694554e-01
3.850253919768261146e-01
5.425376169598414844e-01
6.082485978918654723e-01
5.464902480008690944e-01
3.529122551335620583e-01
3.550378089041867913e-01
2.808318311407849155e-01
2.146888267373476822e-01
3.264801555728421567e-01
4.589671620745470193e-01
3.761622156672438932e-01
4.425471819423840714e-01
4.669101102980949269e-01
4.024018199187213152e-01
3.093520672285577922e-01
3.075207373737249283e-01
3.413855051397641227e-01
3.995923000513630918e-01
4.582036691713438636e-01
5.840170321184761093e-01
3.936373659766003175e-01
5.146107065723151130e-01
4.112228710355015360e-01
3.355946456114375365e-01
2.742379904771005128e-01
5.725413436275408330e-01
3.414087601031081110e-01
3.894822249956595983e-01
3.445840749677815951e-01
2.319160454669742244e-01
3.027488923721999292e-01
3.209701711271154556e-01
2.556649507426333456e-01
3.130125668320679622e-01
4.586588272657263210e-01
6.223773787935900081e-01
5.747788910113883487e-01
4.006007756606297932e-01
2.630895555178665024e-01
2.758371998748261889e-01
3.696162191633315941e-01
4.327007484894332401e-01
3.004264435911307429e-01
3.166786317775606152e-01
2.101970901935121538e-01
1.765433860461578519e-01
2.861735514287079285e-01
7.348280743298136741e-01
3.078258171659885578e-01
2.239694142944631539e-01
1.401712616102399611e-01
1.798996825893598717e-01
1.252977321477756756e-01
0.000000000000000000e+00
1.456284210141808866e-01
1.349708974812245943e-01
1.346132415876745148e-01
1.354965771119752416e-01
1.557323564794517723e-01
2.030755599068348738e-01
1.479820683036974227e-01
1.116308742644161328e-01
1.579318581059996340e-01
1.421786427811140840e-01
1.745198017452420924e-01
1.642338575292137948e-01
1.955664853832689565e-01
2.543339914007905489e-01
1.898731100717342968e-01
3.177558184181409895e-01
3.045591696159324901e-01
2.768647956631032914e-01
1.577990579397268167e-01
1.268602415815534290e-01
1.367976380162857497e-01
1.405962853261498169e-01
1.442967838441217010e-01
0.000000000000000000e+00
2.922479552921531942e-01
2.273855610740723454e-01
1.508568912705692822e-01
1.456086960073023073e-01
2.371279780431990170e-01
1.591951657685586330e-01
1.501410208284749137e-01
1.649256088021817113e-01
1.342568524573646560e-01
1.217810739429838335e-01
1.963549178245428128e-01
4.279185036647268348e-01
5.420132949504306019e-01
4.954350607661605621e-01
3.589285890464924411e-01
1.663669427753464158e-01
3.564186586190627448e-01
1.802158243633652512e-01
2.029257602425542095e-01
1.306750250028684002e-01
1.312221777601744188e-01
1.193674453512865163e-01
1.289098029093706521e-01
1.287082179646901192e-01
1.447445063716937819e-01
1.636582451396672022e-01
1.699539942282094207e-01
2.667281132063277771e-01
2.397466233889579690e-01
2.424959363453561001e-01
3.403581976803045084e-01
2.703925686089915237e-01
1.707416168024950831e-01
1.920177144193701835e-01
1.507619493290654200e-01
1.574375870559210078e-01
4.147618467397932718e-01
3.368948105611058175e-01
2.114917542913056225e-01
1.806638995469016795e-01
1.351966596338329829e-01
1.646619139940438403e-01
1.890140327145644894e-01
2.508599193320305565e-01
2.937203794616016217e-01
4.358690900135517299e-01
2.506333491668466529e-01
1.828450944404913514e-01
1.802670201462812372e-01
2.024792169396501806e-01
1.243217785376220658e-01
1.599782078089276305e-01
2.416409361026063685e-01
1.323571216525032124e-01
1.173932254036322009e-01
2.050685556030337753e-01
1.615295192437084248e-01
3.025619293625229078e-01
2.717787580394499525e-01
1.916685695603190520e-01
1.792521152037906684e-01
1.765115142834277617e-01
1.999870499193217299e-01
2.344569860931782213e-01
2.132166449174735245e-01
2.193968266410990242e-01
1.746157657595710788e-01
2.264223116067063113e-01
1.935221366348331695e-01
2.438675233192030556e-01
2.387825578518335823e-01
2.028631854922335054e-01
2.402912000309417317e-01
2.884583157097535544e-01
2.244877336350932784e-01
2.759014508320301595e-01
2.616468447908822381e-01
2.559390846001763364e-01
2.695188290294811551e-01
3.037687573606192015e-01
2.824165543720456029e-01
2.008463243718359159e-01
2.549558836305637066e-01
2.254052614159895163e-01
2.440345755940693806e-01
2.723226757435568413e-01
2.597985083234918835e-01
1.973529939872084860e-01
1.844131894142469752e-01
1.778713036129639657e-01
0.000000000000000000e+00
2.571960931828258801e-01
2.398488067343161889e-01
2.519179008254461838e-01
2.784736341402483939e-01
1.816767123742231982e-01
1.809801493821302509e-01
2.267844415272722847e-01
2.787370301340122425e-01
2.593186899307149407e-01
2.810531033069476048e-01
3.220981975813537734e-01
2.111676281954939227e-01
2.908916710994467469e-01
2.342721404655470907e-01
2.344939917420242326e-01
3.062498462314834358e-01
2.315098382243412911e-01
1.906998254287385341e-01
1.557856551468168038e-01
2.505593970909060775e-01
1.896322501559869755e-01
1.428591005129680458e-01
1.873355041505917473e-01
1.570282109460501008e-01
1.414820651315325528e-01
2.742708730666934547e-01
1.414170674964135288e-01
1.450732286046195196e-01
1.362865097553348503e-01
1.552945544225481089e-01
1.690206291990812015e-01
1.857655042441266335e-01
1.780909799372281110e-01
1.667193091943776906e-01
2.505726833629889905e-01
1.863591975788082555e-01
0.000000000000000000e+00
2.715123330032823135e-01
1.883470299466053766e-01
2.766816354834014668e-01
2.085764879037000086e-01
2.274280606062775989e-01
3.044355254994519089e-01
3.490330388480566426e-01
2.552424391048271901e-01
2.401869307974866530e-01
1.980667246800540127e-01
1.767832466563601657e-01
1.933435326763592033e-01
2.110385941967191648e-01
1.895122426417418793e-01
0.000000000000000000e+00
1.646908462397068396e-01
2.026462218737592469e-01
1.379892031099460570e-01
1.454901606111311252e-01
1.572589714243114445e-01
1.548887264363136562e-01
1.674711848629998889e-01
1.710471178694971672e-01
2.234923335918573284e-01
1.655914028176163622e-01
2.316568555869720214e-01
2.527665651132356972e-01
2.505972238028152943e-01
3.200564209384677006e-01
3.352367761919526901e-01
2.480727932183827145e-01
2.440876005558591522e-01
1.638587874237660835e-01
1.709434759208964538e-01
1.411336652191525209e-01
1.145885429088153717e-01
9.774682578252844034e-02
1.138914282037866849e-01
9.389194888319932208e-02
1.485752597745377268e-01
1.523805089856641870e-01
1.587101347856327560e-01
2.044697608373581554e-01
1.745549942657643738e-01
1.778358655914418496e-01
1.987242286955538395e-01
2.748875884707755457e-01
2.076048003787960283e-01
1.465004145346967546e-01
8.622538466622985120e-02
9.763871000230106567e-02
1.355770569314259932e-01
1.193384540750682399e-01
1.390348925012818149e-01
1.633619239184074534e-01
1.730107118091479268e-01
2.643286604799559014e-01
4.827132218448577095e-01
1.503770560990844996e-01
3.689595387765264300e-01
2.817299574450599642e-01
2.848892078198753119e-01
2.330742973848977106e-01
2.178649849211767575e-01
2.344958314584152104e-01
4.797502536368418169e-01
2.137882609017408841e-01
1.479968233670903299e-01
3.518113187065752268e-01
6.262702035194276373e-01
5.322031480518739643e-01
5.541582742021298191e-01
6.113121556610645602e-01
2.556645795676920629e-01
1.413320558915941438e-01
1.956116848442729095e-01
2.885484019021839486e-01
2.304034942373573702e-01
4.064467051777252427e-01
5.847942317176454408e-01
1.420801535009362127e+00
3.434955220513766783e-01
3.792930266210974843e-01
3.618470429836318503e-01
2.377232904305307259e-01
1.337800587201841418e-01
2.223814153051204001e-01
2.677420234129234133e-01
1.601437743249582712e-01
2.530897831561468858e-01
4.116055160348345288e-01
2.175047653826016614e-01
1.881231008779568059e-01
1.399182884833942986e-01
2.646794188851384066e-01
1.803445930566751065e-01
1.243707475704060594e-01
3.619264752279192643e-01
2.968483571857584713e-01
2.561883969310941866e-01
2.428888460331654897e-01
0.000000000000000000e+00
