0.000000000000000000e+00
1.553766013410278202e-01
2.948253698576496218e-01
1.902160088490367496e-01
1.269107397599661124e-01
2.126094329223552348e-01
3.139030861493750657e-01
2.184098736344686487e-01
1.513795218725904612e-01
2.733039975519335751e-01
2.660368173139922021e-01
1.562676184862140105e-01
1.543696196305667234e-01
1.349202817676608546e-01
2.474786815687479435e-01
3.388774854742091502e-01
3.754698397123761300e-01
1.994594356995319784e-01
1.489772230104087491e-01
1.678065179438029964e-01
1.735869071542436026e-01
1.876170494208821982e-01
2.602186520489955801e-01
3.178626549064345608e-01
4.729627908789071355e-01
3.741192784552538897e-01
4.831484704423408827e-01
5.586524733999905790e-01
0.000000000000000000e+00
3.897771639105709340e-01
0.000000000000000000e+00
4.505932525528427157e-01
3.144118183364240648e-01
4.121664758964593833e-01
5.063704869637930539e-01
3.300320318968624766e-01
2.498306092321992133e-01
1.451412474439597311e-01
1.231916059942266967e-01
1.509752896969433766e-01
1.164652341756438614e-01
1.703193659926361681e-01
3.204545736187748295e-01
2.670948483111862948e-01
4.906260859266774466e-01
4.886488194700140952e-01
2.062886454145747284e-01
1.884482091404128257e-01
3.273161219035621294e-01
4.485292061824758258e-01
4.263041066353780439e-01
3.709504017546528809e-01
2.793743106031073564e-01
1.681615639723058608e-01
1.888554683856652205e-01
4.418943338406366439e-01
6.021721721701652763e-01
4.149786050021521122e-01
3.478665750309288818e-01
2.914430859420146236e-01
4.227402843587045322e-01
4.477336142936682029e-01
3.687535430473313780e-01
2.008586104101885428e-01
1.755858981063297408e-01
2.548916949275856769e-01
3.133739813690696874e-01
3.039157208361579765e-01
2.286904020598605203e-01
2.121374400576230002e-01
1.353295519130785218e-01
1.303674365563542714e-01
2.317991631892098725e-01
1.379141233508477393e-01
1.411854651260455729e-01
1.884633686172978440e-01
0.000000000000000000e+00
0.000000000000000000e+00
0.000000000000000000e+00
0.000000000000000000e+00
1.515331142115961816e-01
1.882955453548352809e-01
2.041967341891916810e-01
3.131245099341907756e-01
3.923482652992315023e-01
2.368546642245691614e-01
1.375453678455214601e-01
1.660169645053914123e-01
2.031620520384226913e-01
1.773645467756753136e-01
1.583106180737208490e-01
0.000000000000000000e+00
3.188652587233687941e-01
2.705509807113050114e-01
1.402259612188099802e-01
1.529676442436511685e-01
4.250069450008722716e-01
3.306210521228966637e-01
1.895220116036602787e-01
1.470350572033460035e-01
1.970899797429601641e-01
4.027599302294913586e-01
0.000000000000000000e+00
2.988044289813264198e-01
1.847147829683178366e-01
2.007236506963175904e-01
1.917484798696922066e-01
2.311885396922304381e-01
1.874438378339721434e-01
1.357872801464631851e-01
1.183919835345835642e-01
1.129330930296472135e-01
9.349706422466017020e-02
1.348473485317246978e-01
1.406539352482308047e-01
1.597706580912032215e-01
3.249495844866575611e-01
2.546155931829608421e-01
4.193609177278971867e-01
4.221935489210000836e-01
4.144028741067551924e-01
4.275887709498285005e-01
3.640931104018220177e-01
4.595557689882996955e-01
4.129687706848718109e-01
2.606674710366205794e-01
2.828061459070023154e-01
3.643349767136623285e-01
1.876199381170260694e-01
3.217767373093889938e-01
2.080129147439837844e-01
2.697569978396248680e-01
2.131792391932754993e-01
1.632195355492472577e-01
1.660743584988761679e-01
1.303601140818933246e-01
1.269769580396845898e-01
1.809219718373818453e-01
1.157536112174593623e-01
1.569532514070232643e-01
9.213769319842085581e-02
1.073719142772694146e-01
1.862133716597314803e-01
1.712506597055172830e-01
3.235951635658343983e-01
1.741646981431719532e-01
1.457049572453039954e-01
1.520330935238761727e-01
1.403348971644577947e-01
1.912290557191087259e-01
1.470724602557883787e-01
1.615068037011654911e-01
1.259854906647775996e-01
1.200153585732557232e-01
1.349073879247194019e-01
1.576042735418980989e-01
2.194197840046251402e-01
1.582856372606916695e-01
1.873649905094200152e-01
2.181635770594224366e-01
2.101260455718317322e-01
1.858428919922780753e-01
2.202030105934314752e-01
2.408652576823575031e-01
1.784911450578843817e-01
1.816806248438602167e-01
1.546564984924519714e-01
1.690733005790990007e-01
2.618009820282988231e-01
2.377734647827864922e-01
1.785861385254715050e-01
2.270216614038288450e-01
1.748088231904567913e-01
1.664006413157525788e-01
3.416300654805033421e-01
1.679321534746409939e-01
1.305587814953511616e-01
1.675867882228793404e-01
1.717235997991592156e-01
1.214570046801655007e-01
1.261659098614439645e-01
1.380060998050936794e-01
1.411817262019151031e-01
1.373985289362894824e-01
1.787290007953676874e-01
2.022492054261302297e-01
1.392857194031601464e-01
1.411024237395174519e-01
1.796747439531746482e-01
1.578207796139297348e-01
2.360864944267689891e-01
2.173546211213927826e-01
1.527238440673439890e-01
1.522158103545642738e-01
1.315025504250793287e-01
1.576269462103346009e-01
1.943532629793817690e-01
1.734556632630382123e-01
1.469032290291504839e-01
0.000000000000000000e+00
1.876678097222413688e-01
3.380225931653477178e-01
1.788586308516809942e-01
1.552388520572805797e-01
1.300257575988872094e-01
2.110590059520399131e-01
3.683787012970647923e-01
3.030935621945089475e-01
2.317209754755909512e-01
1.330974514527282493e-01
1.528928637040662675e-01
1.636631150341978092e-01
0.000000000000000000e+00
1.549534429299756211e-01
1.300838889771897267e-01
0.000000000000000000e+00
0.000000000000000000e+00
2.600846775774560693e-01
3.732146127857176032e-01
0.000000000000000000e+00
2.156720284345856609e-01
0.000000000000000000e+00
0.000000000000000000e+00
0.000000000000000000e+00
1.551522304317303758e-01
0.000000000000000000e+00
0.000000000000000000e+00
2.225855337829404923e-01
2.707826883136809082e-01
0.000000000000000000e+00
2.198793262773560131e-01
0.000000000000000000e+00
0.000000000000000000e+00
0.000000000000000000e+00
0.000000000000000000e+00
0.000000000000000000e+00
0.000000000000000000e+00
0.000000000000000000e+00
0.000000000000000000e+00
0.000000000000000000e+00
1.483507398339838357e-01
0.000000000000000000e+00
0.000000000000000000e+00
1.288559897342159699e-01
1.295052701242696558e-01
0.000000000000000000e+00
1.559798672793722696e-01
1.918555159746778427e-01
1.703036453876654865e-01
1.591624513008979280e-01
0.000000000000000000e+00
2.765989577718837578e-01
2.008690108154653209e-01
2.017119072263055535e-01
2.251331712161496745e-01
1.381725350184976886e-01
1.672663873916270527e-01
1.770608422985980590e-01
1.207483035804437638e-01
1.188726475155452711e-01
1.684939748553376526e-01
2.327254367760856757e-01
1.049929772770890890e-01
1.734985121590925938e-01
2.426233263410702279e-01
1.490513743591308504e-01
1.203401979758292883e-01
1.217905224736272607e-01
2.038347489097031284e-01
1.351475306879103833e-01
1.120646684120956693e-01
1.561699884101658276e-01
1.253344231878614490e-01
1.435022437072719370e-01
2.544204159447712721e-01
1.881216838256284940e-01
1.562894689809593562e-01
2.011917989933700024e-01
1.440190129753478876e-01
1.276244434373171310e-01
2.133906493625458423e-01
1.298160070309760383e-01
1.898909754835417796e-01
1.982906318240378052e-01
1.736512862682184077e-01
1.945474473424029516e-01
2.153724437794019841e-01
1.509736091339528297e-01
1.393190236016127737e-01
2.263287014124956698e-01
1.077070136260252359e-01
9.664678181237959520e-02
9.370767082876195475e-02
1.363937007028286907e-01
1.435774466101296665e-01
1.248814120469625838e-01
1.582257002658453149e-01
1.856405965638517064e-01
1.413693233674287730e-01
1.586471080421637814e-01
1.814740243598310654e-01
2.248037266316408045e-01
1.904312825484518468e-01
1.973832755813754725e-01
2.212429536059565272e-01
2.041400843966960088e-01
1.531989432789938321e-01
1.943876616622330911e-01
1.414606062686956101e-01
1.102238159209061180e-01
1.208729882967369273e-01
1.715409946289823684e-01
2.633570797067060765e-01
1.766779573197304887e-01
9.114894054532303447e-02
1.150208256408584984e-01
1.708477172822711887e-01
2.356980253846980566e-01
2.500876900843349571e-01
1.499724478614732071e-01
1.388930575111010091e-01
1.909413465685978195e-01
1.389782648917373964e-01
1.539680809342726386e-01
1.455163020555001185e-01
1.137566328708401464e-01
1.298943935906546054e-01
2.061066018914357867e-01
2.847869846239946545e-01
2.251477255611944173e-01
2.083190184739063811e-01
1.427309740592820619e-01
1.016176186004443260e-01
1.530320371828197135e-01
1.454358075688639840e-01
1.475372027561213384e-01
1.579039486645203161e-01
1.407455590559480441e-01
1.931763631155394567e-01
1.537967086787148385e-01
1.384267866634217858e-01
1.214070621464303362e-01
1.147040375593787881e-01
1.409640928751643429e-01
2.107343904233286713e-01
1.545202446257662732e-01
1.325863324461091231e-01
1.686903132992906562e-01
1.940531951487751428e-01
1.686338811720457798e-01
1.137131916523253378e-01
1.113058660344806161e-01
1.611790235184492048e-01
0.000000000000000000e+00
1.489930248626976650e-01
1.197625568982824684e-01
1.208949244514702787e-01
1.275739322243694129e-01
1.830246408204440900e-01
1.660594421584349611e-01
0.000000000000000000e+00
0.000000000000000000e+00
1.775914168741385690e-01
2.250824761454163214e-01
1.788561453962481951e-01
1.666816105161265105e-01
1.586064349944787122e-01
1.093750256940609622e-01
1.283342894231823683e-01
1.014086822811917643e-01
1.539325783663793301e-01
1.313511367733458945e-01
1.078892333134062881e-01
3.063936428933281553e-01
4.575832552078109017e-01
5.644279287579730964e-01
3.940309812973233905e-01
3.617337607444564562e-01
2.099573665618144902e-01
1.736582645414054826e-01
1.841131808697687167e-01
4.051025016585874106e-01
5.164649635882891943e-01
3.722896397115867395e-01
3.980202664029106052e-01
3.913356163118868469e-01
2.976054524983103300e-01
3.392836204938626254e-01
3.594344886080422241e-01
4.708683928567308774e-01
4.607133715482934488e-01
3.607867887093801351e-01
3.044500297865972427e-01
3.164658181923111768e-01
4.790014058951895248e-01
5.074321560032034606e-01
2.821060694554262116e-01
1.685533370835245182e-01
1.684316695525048813e-01
2.436896741747144046e-01
2.816787552983963105e-01
2.869338958187920285e-01
3.444617855889199332e-01
5.174193509884379427e-01
3.965378760062771013e-01
5.684204899698104274e-01
6.370670309755669392e-01
5.669256153718105207e-01
3.556437398558431884e-01
3.588825818046434413e-01
2.811645881802011804e-01
2.120187656200130388e-01
3.205141708284984792e-01
0.000000000000000000e+00
3.831725366570569724e-01
4.491377303361418494e-01
4.750093502111846222e-01
4.226524110496495679e-01
3.106746327559005705e-01
3.105155813159258815e-01
3.511725784098673198e-01
4.156615040069581157e-01
4.730895928561617558e-01
5.916463427101310568e-01
0.000000000000000000e+00
0.000000000000000000e+00
3.438805300912301521e-01
2.841916556447451336e-01
5.770319233430621919e-01
0.000000000000000000e+00
0.000000000000000000e+00
0.000000000000000000e+00
2.343442551189891254e-01
2.831343594107713635e-01
3.119034084121143358e-01
0.000000000000000000e+00
3.105241306676981838e-01
4.629840193928728698e-01
5.672734201095722684e-01
5.207416017032968636e-01
3.650562359303324289e-01
2.512045038682906295e-01
2.714293572681512057e-01
3.433208816895226279e-01
3.638145703245259655e-01
2.595013730157178511e-01
2.678547116063005884e-01
0.000000000000000000e+00
1.574884420335585511e-01
2.502744303951455751e-01
7.172249853435528344e-01
2.646154331931789838e-01
0.000000000000000000e+00
1.329301068709838052e-01
1.659367955742022394e-01
1.201999863082260506e-01
1.513949229089021353e-01
1.385978387942037870e-01
1.291391480732678454e-01
1.279221612700678634e-01
1.271051199629209261e-01
1.332609725766491227e-01
1.694203849992061695e-01
1.354622882333473000e-01
1.054324298076395744e-01
1.391647734402925718e-01
1.332577844823742419e-01
1.508797379179289411e-01
1.540346181095599565e-01
1.781462942702033703e-01
2.196427406948660288e-01
1.669402041302061046e-01
2.570870029616305619e-01
2.511101962108415742e-01
2.303501174505379612e-01
1.307522215501214780e-01
1.156104534481104396e-01
1.229522470163446346e-01
1.223070116887294279e-01
1.228958424585297193e-01
1.807270871691361580e-01
2.288636867340979042e-01
1.979067537234219798e-01
1.352225392320154651e-01
1.338446528656676293e-01
2.880439643360550583e-01
1.477250206351867490e-01
1.383140596321547344e-01
1.494528403936727645e-01
1.243648196113717325e-01
1.138349347157302516e-01
1.734364007419401110e-01
3.756810730302221346e-01
4.680387267616695213e-01
4.220279868461688788e-01
2.922655133474504896e-01
1.552721815477389189e-01
3.385684231602395511e-01
1.617533146822528745e-01
1.610481877127947770e-01
1.226283774442658292e-01
1.183022758593792051e-01
1.120480508086687671e-01
1.221047417648401801e-01
1.200826728498576718e-01
1.311792727682649373e-01
1.670019646469204089e-01
1.613743083010122370e-01
2.130583267515594459e-01
2.076876125714607613e-01
2.151790460042478370e-01
2.916331893207101955e-01
2.441103095080426888e-01
1.503823717806523630e-01
1.651118292836556978e-01
1.395434489107368614e-01
1.422766604521487066e-01
3.553734709622490828e-01
2.748069690458115333e-01
1.785670480049130204e-01
1.512023712140834475e-01
1.221455862446290397e-01
1.433347599444797504e-01
1.641278073495137657e-01
0.000000000000000000e+00
2.512479560235545417e-01
3.536355916285733314e-01
2.125440173471151994e-01
1.632900750822945390e-01
1.556020919677475189e-01
1.731622225457819797e-01
1.179659025679881540e-01
1.405065814565351345e-01
2.053020094348580460e-01
1.252057515561617596e-01
1.122463520697205286e-01
1.759798797429213413e-01
1.511676736689786804e-01
2.810852557662646412e-01
2.541382853770890460e-01
1.787131557568679141e-01
1.703017742189130990e-01
1.682479736832269701e-01
1.873063001540125894e-01
2.223095205203312053e-01
2.001863382309090611e-01
2.031322178399103673e-01
1.667277766597821675e-01
2.153425105865197087e-01
1.831451334216795401e-01
2.317008846657828969e-01
2.204515616889757834e-01
1.914155848006177107e-01
2.237809531772777250e-01
2.743418571372686632e-01
2.129933786255590045e-01
2.597413914226281428e-01
2.479893794939732887e-01
2.367979896470842338e-01
2.464785855771549627e-01
2.848764053621147263e-01
2.619252493803432280e-01
1.905359425229241621e-01
2.430164381505983962e-01
2.143757839364213158e-01
2.318045721211801358e-01
2.590806507215129839e-01
2.455931772713642880e-01
1.860756385870284968e-01
1.751735712141253010e-01
1.681624831314314228e-01
2.815899314714820356e-01
2.409545777910546138e-01
2.216097337556974245e-01
2.203496312518899158e-01
2.346528123453006376e-01
1.716214310112571806e-01
1.719761282506745981e-01
2.086670069085546086e-01
2.556161071261207618e-01
2.382974805412983177e-01
2.592758449298505075e-01
3.036653656917432942e-01
2.028634440340345846e-01
2.759703696858736288e-01
2.270901971721833446e-01
2.177250080561339840e-01
2.745697276793387376e-01
2.095489650931738890e-01
1.705299460221186836e-01
1.460909206913801328e-01
2.374137876071431286e-01
1.783300341962262281e-01
1.334757982738110360e-01
1.800107957656217339e-01
1.463835000983568502e-01
1.336057638301546280e-01
2.653431367815932695e-01
1.357739144460435310e-01
1.362954858678115111e-01
1.281454432905328178e-01
1.466498374584496445e-01
1.592817221171727304e-01
1.750519703994223020e-01
1.707706731738194705e-01
1.569123429000512104e-01
2.452693774059125642e-01
1.763143142841267219e-01
2.047845468969495819e-01
2.495782640002900399e-01
1.786408246884629847e-01
2.611560161605123165e-01
1.980565681599042172e-01
2.082115425003206455e-01
2.819969252683530714e-01
3.264439399731807745e-01
2.468254991923891362e-01
2.305891720144458701e-01
1.929636166836349032e-01
1.695601014178712562e-01
1.914094315184825812e-01
2.031982615178517804e-01
1.822740894490251784e-01
1.724546490959134593e-01
1.548062144664421602e-01
1.931766507619975815e-01
1.358592492399680884e-01
1.408578878452091676e-01
1.501367001404349810e-01
1.387713765070480998e-01
1.565060005753659833e-01
1.624500546014133184e-01
2.097055495187810648e-01
1.609702741559284889e-01
2.212030887630473119e-01
2.502034937057981967e-01
2.502172192821769392e-01
3.176531074199820393e-01
3.344347922711513044e-01
2.557620809096977088e-01
2.359267780812031867e-01
1.593272080012221315e-01
1.693876564249255645e-01
1.395188935503019756e-01
1.118200012975158197e-01
9.527538503462142094e-02
1.108561043484180691e-01
9.046771767170197487e-02
1.484661970556549748e-01
1.497415411078779901e-01
1.550126803934439579e-01
2.011502104631100463e-01
1.703568089300201427e-01
1.771083520152803847e-01
2.018667757147487307e-01
0.000000000000000000e+00
2.091584603057748681e-01
1.480294339502444545e-01
8.391515197263460513e-02
9.373220427921169495e-02
1.320513918943760079e-01
1.182870200926820076e-01
1.330602684415233827e-01
1.640055663928172980e-01
1.668938786823889464e-01
2.570802321341070229e-01
0.000000000000000000e+00
1.392331904631242678e-01
3.324091326809738289e-01
2.812452949634911548e-01
2.866526484539138053e-01
2.259067190983324591e-01
2.073977716317804143e-01
2.239637131091435363e-01
5.805841903082170630e-01
2.024573708513435488e-01
1.424585445193138622e-01
3.295487702909822292e-01
5.998219282652931250e-01
4.994460844664801447e-01
5.527103628466643048e-01
5.975279216313282848e-01
2.375605823724278864e-01
1.318637054139869536e-01
1.801461503994373492e-01
3.032057271030744183e-01
2.102419371026718053e-01
3.769369148519501334e-01
5.779597678099183122e-01
1.317780335810291970e+00
3.668289854919667969e-01
3.520777897871981699e-01
3.341128290499762454e-01
2.247812875162187585e-01
1.273591360611343593e-01
2.099875129749661229e-01
2.385858654873800888e-01
1.439055244345178175e-01
2.369978142824270551e-01
3.890815246089841528e-01
2.324069020562022636e-01
1.736259741947767388e-01
1.372740222993791004e-01
2.363007262052042867e-01
1.685989027439537546e-01
1.196549446783408965e-01
3.677578672458925446e-01
2.732581009019278695e-01
2.307516786090421657e-01
2.214583541520560306e-01
0.000000000000000000e+00
