0.000000000000000000e+00
1.183526043095892433e-01
1.785217838134508794e-01
2.966924426288610195e-01
1.915704465625702735e-01
1.329371276254833478e-01
2.063947374267542378e-01
2.955502188161750476e-01
2.148155381149239873e-01
1.593134995719737157e-01
2.647132702738469456e-01
2.586375104978251849e-01
1.579840003097427448e-01
1.541143671033589901e-01
1.368008594727945226e-01
2.384589498367335747e-01
3.214372594242543291e-01
3.492849828490480757e-01
1.914070523356181108e-01
1.503722045384733030e-01
1.648180802164359582e-01
1.731826439308350452e-01
1.825692094494040518e-01
2.461896811823467701e-01
2.962496422797128992e-01
4.393739515434870180e-01
3.661294784631517474e-01
4.642463457453324671e-01
5.491315991301464194e-01
4.109669657307625790e-01
3.549728275266552102e-01
4.719285976902002910e-01
4.260848661810873739e-01
2.933968636820686871e-01
3.939363617883621660e-01
4.962341540960741870e-01
3.139032593898213874e-01
2.517349665365193334e-01
1.479601277809866888e-01
1.261950513280696018e-01
1.505617149887357731e-01
1.162286447241845655e-01
1.685369139194360655e-01
3.279756165034368731e-01
2.673146146541355850e-01
4.533572633923361184e-01
4.788815505853253884e-01
2.097874210697225350e-01
1.899797640507054075e-01
2.998182269621892937e-01
3.987687089354104431e-01
3.782215840360849124e-01
3.344822006665026382e-01
2.550737902762415521e-01
1.648093925911488511e-01
1.774023982572189018e-01
3.802076154754345794e-01
5.226588008498664895e-01
3.740289630496571038e-01
3.083923350800756302e-01
2.623477978169165281e-01
4.043793378148287654e-01
4.247844267338608537e-01
3.500767256047698228e-01
1.964815108371809338e-01
1.688901841594271647e-01
2.440803266767587743e-01
3.067911845410456473e-01
2.613174936546621696e-01
2.130571460461505584e-01
2.148653999438133733e-01
1.361215246725862582e-01
1.321422697864703677e-01
2.327175686259332077e-01
1.357735532991174721e-01
1.385036788999551571e-01
1.883199469919756563e-01
2.261504536932211484e-01
1.984195227229811065e-01
1.670275571291551797e-01
1.596719179808566980e-01
1.651615556771704463e-01
1.539991650840241422e-01
1.984981947729706764e-01
2.126912790783260232e-01
3.188134112902387685e-01
3.794435974170234371e-01
2.421312285439684853e-01
1.537157675503849630e-01
1.650660297340587612e-01
2.079134547119613485e-01
1.740980158831321734e-01
1.576869655045953500e-01
1.791107645070773857e-01
3.715093270784626811e-01
2.906480073565139710e-01
1.420377014418907902e-01
1.580980783390020794e-01
4.797596408969624360e-01
3.749294288360260352e-01
2.022032239374020601e-01
1.467543330522900480e-01
1.980947074597623758e-01
4.280597211701488436e-01
1.932528275344170543e-01
3.061276885752819421e-01
1.892908207476408922e-01
2.003789515917836217e-01
1.927383652544480686e-01
2.350706530328453281e-01
1.815123831355239248e-01
1.362485165859654013e-01
1.169044048259919866e-01
0.000000000000000000e+00
9.828258053542729411e-02
1.363135394856550275e-01
1.457840302266855126e-01
1.662498257395355616e-01
3.227416819657060731e-01
2.478479284960229123e-01
4.156400600419498104e-01
4.357530577160917962e-01
4.152103833264759181e-01
4.478292357065297713e-01
3.853691365908926691e-01
4.887426959849642816e-01
4.113294632955905028e-01
2.492600021549504774e-01
2.982493558522197330e-01
3.758539130480667012e-01
2.048830479501530522e-01
3.749798562371334798e-01
2.173751230194495843e-01
2.842647513506586510e-01
2.292722113620234980e-01
1.691022194060528283e-01
1.757946980620747057e-01
0.000000000000000000e+00
1.324062257139472509e-01
1.834518000262853610e-01
1.242335240300818655e-01
1.618714662267482507e-01
9.897434638747093505e-02
1.163422516986845484e-01
1.915113943753137538e-01
1.792043693215827072e-01
3.474141480927409598e-01
1.784358257600172637e-01
1.485458293978514088e-01
1.560563284855920052e-01
1.464488591584051091e-01
2.012547448672577510e-01
1.595497193987971407e-01
1.810029001974844398e-01
1.379835717446074861e-01
1.319423829779484414e-01
1.515416649910016345e-01
1.713502071907855029e-01
1.991395664095219620e-01
1.726950264132569857e-01
2.031345741888530287e-01
2.364623365639602348e-01
2.319630693236617580e-01
2.057708800282186390e-01
2.447461294692470923e-01
2.485243600572485945e-01
1.869016921482100912e-01
1.853744567376523766e-01
1.705301392473807520e-01
1.827222700291394331e-01
2.723877047830807752e-01
2.418286794984962629e-01
1.938739776380290769e-01
2.472587902720997377e-01
1.935843966706820296e-01
1.850843642096874631e-01
3.348533046624158627e-01
1.784733187727899073e-01
1.424749840212542751e-01
1.810408146138704488e-01
1.822873419685394347e-01
1.300822314630330490e-01
1.357661010162856674e-01
1.491591658024714884e-01
1.538023238992705932e-01
1.498653786337968419e-01
1.906254344873344886e-01
2.075668920123152628e-01
1.528771697794473194e-01
1.522434091358254027e-01
1.929528967587629262e-01
1.698042268869073557e-01
2.459275072404653317e-01
2.158654956755829135e-01
1.642203511952582684e-01
1.617270587926174508e-01
1.470524805872020224e-01
1.721025455109170266e-01
2.010891923846951368e-01
1.861378330214915056e-01
1.661175757839880307e-01
1.612633023106815611e-01
2.027207456565452426e-01
3.645727388437599581e-01
1.903507941268707537e-01
1.682503838868195656e-01
1.404336951223724705e-01
1.991079197101526532e-01
3.877723648610141849e-01
3.046221527403905616e-01
2.164355292818629928e-01
1.478006740166000199e-01
1.698821353619297259e-01
1.742763553741905058e-01
1.923829359763240821e-01
1.663390606101156910e-01
1.453200766759168705e-01
2.380971026066156793e-01
1.254194935469155892e-01
2.517151250281776664e-01
3.345886082043191267e-01
2.449130594880790657e-01
1.929029420476605361e-01
1.648684161671434278e-01
1.503157790606341193e-01
1.609975994883017514e-01
1.634157768210859896e-01
1.674792456438468913e-01
1.723242939622421366e-01
2.109667303666474814e-01
2.410986229688910076e-01
2.527651032078638837e-01
1.973576051749212079e-01
2.309063065143249494e-01
2.126299894018260639e-01
2.729235699112630420e-01
2.295307156908956703e-01
1.866788607112342957e-01
1.692158775602606857e-01
1.992145656484514693e-01
1.691881728500935489e-01
2.121348766933577601e-01
1.450205015896421923e-01
1.343190859662905245e-01
1.308035526575646312e-01
1.357938462065983454e-01
1.358911012611107583e-01
1.311431737504963890e-01
1.457190869723179738e-01
1.589753715149957447e-01
1.486926998190584714e-01
1.391029857550684090e-01
1.272889433284319638e-01
2.605897847322798389e-01
1.857018180287089981e-01
1.875928654793407035e-01
1.951205188487327991e-01
1.428507134169523796e-01
1.583598377670128732e-01
1.669906523379444674e-01
1.204550127513047408e-01
1.199365676742868703e-01
1.607243454580636055e-01
2.332295106372363480e-01
1.104150511918629701e-01
1.593600821764665498e-01
2.044606285865243067e-01
1.436908318189425438e-01
1.210139159659050501e-01
1.222147795979017654e-01
2.039762059399557736e-01
0.000000000000000000e+00
1.133647723428594656e-01
1.503355763600718320e-01
1.146477331705512970e-01
1.434544518638944388e-01
2.306587218660807459e-01
1.792407033737608568e-01
1.627449427937547877e-01
1.939941850994074679e-01
1.434865880021017059e-01
1.313025194064828538e-01
2.006734202686543678e-01
0.000000000000000000e+00
1.873983755453748345e-01
1.770811014016712981e-01
1.580301402429927227e-01
1.742201765792542878e-01
1.895922629070990184e-01
1.510363358085966556e-01
1.365129780503702428e-01
2.110006998974373327e-01
1.100489753852836317e-01
1.003173687140130055e-01
9.356975878791534695e-02
1.466030932249424712e-01
1.446870256781016828e-01
1.257691839264301892e-01
1.541894076940728830e-01
1.760384984804051756e-01
1.368012375106543443e-01
0.000000000000000000e+00
1.704300852306210035e-01
2.053416693716245411e-01
1.786837195761626640e-01
1.926463867179663281e-01
1.973638854364232753e-01
1.913130315318503638e-01
1.561578673915229032e-01
1.913800614256311872e-01
1.425965882354774394e-01
0.000000000000000000e+00
1.193429126654011047e-01
1.588842295779754887e-01
2.368204486404585640e-01
1.704780045706496550e-01
8.937958141801552459e-02
1.143368360631685232e-01
1.650356849704450735e-01
2.263146513392282622e-01
2.468059146993112352e-01
1.525673155885144683e-01
0.000000000000000000e+00
1.893071765896038872e-01
1.379711986503806831e-01
1.498794626612734437e-01
1.469477010718863441e-01
1.120567118547622920e-01
1.296272845289332953e-01
2.031112412270915102e-01
2.562511488236620671e-01
2.087116073464329868e-01
1.939719351148430637e-01
1.398396852127383461e-01
9.959871590890159720e-02
1.507789750779237048e-01
1.428493554582638547e-01
1.441279653538461436e-01
1.521345114080542016e-01
1.379695727163496588e-01
1.881906486811004420e-01
1.491478857798215762e-01
1.348004963348521379e-01
1.256224133882294647e-01
1.123987482117293768e-01
1.314637673121363259e-01
2.061076947019788164e-01
1.583471227552295524e-01
1.320172696705458337e-01
1.634123140849694233e-01
1.866100888788654044e-01
1.611264644999845230e-01
1.111348417081107348e-01
1.088299940998222332e-01
1.645769429771802017e-01
2.875212289558098933e-01
1.457405275287559088e-01
1.100221540994662239e-01
1.182187717970040186e-01
1.271715806729035170e-01
1.774947650259481313e-01
1.216395672026531066e-01
1.133877529599425782e-01
1.299872260605980379e-01
2.619031360834633837e-01
0.000000000000000000e+00
0.000000000000000000e+00
1.757208150480610853e-01
1.647943382069066154e-01
1.093984454786843391e-01
1.406183211186955717e-01
1.136464279410232397e-01
1.826064616527049156e-01
0.000000000000000000e+00
1.279695718141306005e-01
5.360924739574630671e-01
1.100689875346131830e+00
1.475440894936941527e+00
8.150327956278055064e-01
3.499743951270438691e-01
2.058442571659407638e-01
2.028577520134985657e-01
2.028309307273753748e-01
5.786185772541704297e-01
8.268115130389831480e-01
4.212061418682878089e-01
4.667875461880741650e-01
4.861417936461996381e-01
2.972038236662693511e-01
3.696359419582131434e-01
3.618251467047702286e-01
4.370030775034258186e-01
4.187628734908309114e-01
3.351288911963524186e-01
2.900461961802257571e-01
3.059279349902815359e-01
5.501456687436107051e-01
5.326767513232726348e-01
2.693356038107132533e-01
1.639932705328609464e-01
1.646466469694756185e-01
2.410124224391235193e-01
2.715307548452322028e-01
2.920144579316009126e-01
3.649228358245801829e-01
3.736101903712936712e-01
3.647201922951173181e-01
5.203244453509662248e-01
0.000000000000000000e+00
5.382005730055614556e-01
3.462859642737294297e-01
3.506486474634593620e-01
2.671870704920327744e-01
2.043251235721918468e-01
3.189211822169271127e-01
4.480275940250058597e-01
3.572119928781234410e-01
4.501995945620271833e-01
4.960431955016520456e-01
3.996777568722166274e-01
2.893125829221629974e-01
2.825573492413844257e-01
3.214007922807293194e-01
3.879783895500447111e-01
4.714386108437015332e-01
5.913673208623411170e-01
3.847407601563762602e-01
5.087000794821915362e-01
4.018390276386408777e-01
3.182648371949918786e-01
2.731103107425287280e-01
5.918113314545414561e-01
3.337022531559042937e-01
3.683281615141247856e-01
3.260820384167671948e-01
2.227001149502923494e-01
2.888142922148705383e-01
2.963842227286032083e-01
2.327106016131876565e-01
2.885555685790933134e-01
4.354061580758532557e-01
6.074149645499764549e-01
5.403786392008016470e-01
3.627224498748959913e-01
2.367168287183258057e-01
2.505881039746329364e-01
3.380252013717543469e-01
3.954622387783813808e-01
2.674344505704485120e-01
2.840778168706225570e-01
1.852932321842410968e-01
1.558027743572518720e-01
2.559069755277876834e-01
6.647963431906076526e-01
2.684672426860538752e-01
1.969283410218568009e-01
1.276761272036980033e-01
1.576249322822325660e-01
1.158553419383703681e-01
1.487714171814019104e-01
1.334651737955784012e-01
1.254231612345811653e-01
1.275137635118850643e-01
1.303542386192018121e-01
1.396962740754162657e-01
1.682091345797192827e-01
1.355431507485188036e-01
1.118288343441764671e-01
1.503350999586055559e-01
1.445732774323663095e-01
1.697987761839782894e-01
1.619293914621182662e-01
1.852859491533661862e-01
2.384528212131759028e-01
1.829840083761423430e-01
2.810140298878567866e-01
2.792616319680138459e-01
2.573596741081545236e-01
1.500802885630179717e-01
1.269203700884043717e-01
1.447442485465301742e-01
1.423578969952725981e-01
1.454745415338020431e-01
1.806392301230018704e-01
2.592110035250796973e-01
2.278482752230912012e-01
1.550155927163729686e-01
1.482436322953150920e-01
2.349608447662442923e-01
1.649999104569304376e-01
0.000000000000000000e+00
1.661138612877846865e-01
1.390974269667592522e-01
1.250818382741877288e-01
2.013889798695008559e-01
0.000000000000000000e+00
5.049201820647442052e-01
4.478020354112374757e-01
3.168999049348948382e-01
1.704586353051682768e-01
3.368667238005234044e-01
1.698000973120974422e-01
1.717241264919677490e-01
1.333406610740227038e-01
1.253334238312768800e-01
1.231910514432052600e-01
1.308652181339285403e-01
1.284268470899527781e-01
1.409975324190212154e-01
1.681321853590921622e-01
1.670731227513796713e-01
2.340056745272991179e-01
2.254907149274646139e-01
2.458959302218929888e-01
3.110966961379039719e-01
2.546197641850579396e-01
1.575130834845397121e-01
1.752870276443101727e-01
1.471237997183958424e-01
1.513351761787030958e-01
3.712306646545270317e-01
2.892287477126267436e-01
1.870075003683737691e-01
1.591347050903134941e-01
1.287303156900190260e-01
1.529285526376415461e-01
1.730187754638336795e-01
2.272806909062007052e-01
2.627322885927646512e-01
3.648051206759609921e-01
2.155431750199789109e-01
1.693759374702333009e-01
1.616812823706283708e-01
1.786821042688183925e-01
1.248721898324442886e-01
1.469065814413700044e-01
2.501037123271305229e-01
1.346209108224005191e-01
1.165981375938981851e-01
1.822392593177186160e-01
1.602915399154829224e-01
2.986339706040926356e-01
2.967671353321450489e-01
2.033707687397793284e-01
1.859716978853118985e-01
1.830802459902873547e-01
2.017656878742576376e-01
2.351894763364490715e-01
2.155194588172202330e-01
2.195652167467070093e-01
1.788985250758685641e-01
2.454590869772315109e-01
1.995977363953807260e-01
2.514414149155949629e-01
2.355287480711995840e-01
2.026416019924492384e-01
2.449769371814840557e-01
2.918624160752394392e-01
2.266029114256520871e-01
2.844335716084159804e-01
2.668344252772551495e-01
2.534457973360647598e-01
2.645248018408650204e-01
3.092451656929700032e-01
2.910037367411018039e-01
2.096918455552009564e-01
2.652698585390942942e-01
2.370845844188525786e-01
2.570260128668315214e-01
2.922051806000812713e-01
2.728152578573886933e-01
2.071702474055908683e-01
1.926332308531702453e-01
1.837749034359097977e-01
2.979719385347408545e-01
2.577589971354177778e-01
2.356536885446917362e-01
2.338095099791099862e-01
2.437389041048680094e-01
1.937374986133074684e-01
1.896761702362777524e-01
2.208767933295813224e-01
2.792773824583723585e-01
2.655419033069906787e-01
2.723257698785835346e-01
3.173632921638131488e-01
2.185407677621346856e-01
3.128978791706097384e-01
2.498414086154385205e-01
2.352924898155789590e-01
3.085894307656341651e-01
2.405763626970916502e-01
2.040894424156622089e-01
1.636046869634448508e-01
2.632185409455353176e-01
1.948006822108565850e-01
1.497180728493233692e-01
2.023676926582624047e-01
1.653403081321296320e-01
1.496662027934590744e-01
2.922386165194434948e-01
1.496722449679932510e-01
1.547593457084634749e-01
1.446232344056098684e-01
1.671215735765504140e-01
1.781702042469455738e-01
1.961298373527464167e-01
1.901444818982248874e-01
1.778789759188705577e-01
2.674366631333996991e-01
1.987699470560694293e-01
2.277112021331531289e-01
2.843876125274175659e-01
0.000000000000000000e+00
0.000000000000000000e+00
2.263745355489252820e-01
2.387767158892847852e-01
3.011261810459757160e-01
3.422209188104073374e-01
2.721911315837791112e-01
2.454602958620967224e-01
2.128166487818259345e-01
1.892425246327569810e-01
2.025988262510320104e-01
2.173560543421806657e-01
2.026135408077197331e-01
1.919714990352826556e-01
1.731951554828186357e-01
2.171136210100277075e-01
1.414086749840836599e-01
1.536116542165139875e-01
1.633140813534474656e-01
1.613801036886565177e-01
1.714396486359209548e-01
1.723171801669410863e-01
2.300386142286231506e-01
1.706015956657022659e-01
2.244793220053181715e-01
2.502271357013511888e-01
2.463958372969185795e-01
2.941230595164845418e-01
3.137061931690565686e-01
2.410181850586181618e-01
2.333758540836677053e-01
1.651565967314256866e-01
1.731826837068832503e-01
1.444906013302939829e-01
1.177465747954081904e-01
1.012432672086796270e-01
1.161868725414484521e-01
9.333987380840610970e-02
1.517581823365176108e-01
1.531004668875733110e-01
1.539077891078356186e-01
1.913177078503791595e-01
1.773989677322065917e-01
1.743035899430316338e-01
1.917179032691721519e-01
2.463724426388691768e-01
1.960335909246317954e-01
1.467219436133958277e-01
8.697689101011196744e-02
1.001465251138074219e-01
1.369021924822401426e-01
1.234587120193556126e-01
1.475617513378682799e-01
1.722883413935823449e-01
1.881957177762395295e-01
3.016661039315157167e-01
5.489692726948786072e-01
1.643834669743201027e-01
4.473320921723604737e-01
3.080055579664734977e-01
2.917822380606843735e-01
2.380835380398245715e-01
2.244438273686906460e-01
2.442479458204669107e-01
4.674773933900014944e-01
2.372313828460222429e-01
1.578090095805974313e-01
3.927135562086488396e-01
6.667652272035383687e-01
5.605807096648182108e-01
5.808133865083848768e-01
6.631939771326100797e-01
2.854324346649632638e-01
1.563215997215893494e-01
2.238213182879771890e-01
3.174576763229058352e-01
2.699459559130073516e-01
4.416230241750378482e-01
6.381375242527073111e-01
1.880007811224790659e+00
3.636969387531710507e-01
4.231740707421861036e-01
4.039748959433347442e-01
2.422517087942726577e-01
1.394184607578176360e-01
2.317296794244382840e-01
3.228173581197679165e-01
3.471708385345906311e-01
2.869636095502041684e-01
4.645150699416730755e-01
2.243701595641393598e-01
2.155646409124039042e-01
1.451048227153459991e-01
2.896191981282345562e-01
2.038139545991529411e-01
1.268874669737901639e-01
3.453759129777818626e-01
3.532920456100773765e-01
2.991140454049742714e-01
2.877060454612034857e-01
3.274009589828639211e-01
0.000000000000000000e+00
