0.000000000000000000e+00
1.787808706952607740e-01
3.407609708634010692e-01
2.103957664649557802e-01
1.379455646256469992e-01
2.378490958368733033e-01
3.543969830616157668e-01
2.440280161012705062e-01
1.640733932453234400e-01
3.017473207041085903e-01
2.940231839259466184e-01
1.664733676376823068e-01
1.632203359188518499e-01
1.424245788855533212e-01
2.737266821179418774e-01
3.834912827549838421e-01
4.240730217032351312e-01
2.224422813712740032e-01
1.586326696687629656e-01
1.820299923634279837e-01
1.876985067627308656e-01
2.077083608858400210e-01
2.930110612773574874e-01
3.626614334412597840e-01
5.397551005043406125e-01
4.251418265584757106e-01
5.443176133599902933e-01
6.263449813981768477e-01
0.000000000000000000e+00
4.433826470384846785e-01
0.000000000000000000e+00
5.092023398925594746e-01
3.559274699669738307e-01
4.624814025301292597e-01
5.718239108650702285e-01
3.705517774350055027e-01
2.730400373176463669e-01
1.538421398665399675e-01
1.310725467501747676e-01
1.634016929051374800e-01
1.235954894456948033e-01
1.832727464914398752e-01
3.570921980313249700e-01
2.937187708546403764e-01
5.630002246715919423e-01
5.578972716466205073e-01
2.240843434624349706e-01
2.024002847118034909e-01
3.684572193775118021e-01
5.038217535081921383e-01
4.853544447161866615e-01
4.232778326867852603e-01
3.144685126431761013e-01
1.800623179497605753e-01
2.092292637985111170e-01
4.963700247003239308e-01
6.706916795469645143e-01
4.742294675584795005e-01
4.012009417920976984e-01
3.326505356426330273e-01
4.759441156068219270e-01
5.016649900187549749e-01
4.112469385804188859e-01
2.131505505871457429e-01
1.826286874665249416e-01
2.780385993001079359e-01
3.437695966539785486e-01
3.371793519152233021e-01
2.516450664550873850e-01
2.304531468187076548e-01
1.413135247800014205e-01
1.372288087471270346e-01
2.475668928583380779e-01
1.436754432116164881e-01
1.452244009310289519e-01
1.984871753853959531e-01
0.000000000000000000e+00
0.000000000000000000e+00
0.000000000000000000e+00
0.000000000000000000e+00
1.586243950248895918e-01
2.017425849891300860e-01
2.253913138934923732e-01
3.426446109686903663e-01
4.252359962625059664e-01
2.531737014153427334e-01
1.450820998043703958e-01
1.805641198682307880e-01
2.233285363669915979e-01
1.951213095058791647e-01
1.651716589527524592e-01
0.000000000000000000e+00
3.387722313481311143e-01
2.889742894809814167e-01
1.485873062408136491e-01
1.656540070451633373e-01
4.549368935972282757e-01
3.548863285785033295e-01
2.066553629772017731e-01
1.607921437206026594e-01
2.153931001174413384e-01
4.439175022935560877e-01
0.000000000000000000e+00
3.252298526936749368e-01
1.958957719809092668e-01
2.117261728186610736e-01
2.042538491441155957e-01
2.476205042192242411e-01
2.054585249566508176e-01
1.437325904123905040e-01
1.275824582121459771e-01
1.191492206857039521e-01
9.863869567942158689e-02
1.467719105105143307e-01
1.488715300858211577e-01
1.704052556243733085e-01
3.492260332046633886e-01
2.726856819109790830e-01
4.653644317820804788e-01
4.520254674178567633e-01
4.505683465469891291e-01
4.609316848401006639e-01
3.899833790475760176e-01
4.825355064283463613e-01
4.380004873772361251e-01
2.785694676990757013e-01
3.064499771063596278e-01
3.884359853171311383e-01
1.999516378691879037e-01
3.291771262332472414e-01
2.220295670627781270e-01
2.898454628566894398e-01
2.292241766863384322e-01
1.688868817106081444e-01
1.743050559606385552e-01
1.350625873517212749e-01
1.324821793027332884e-01
1.969583165579461281e-01
1.218660712596442014e-01
1.738265275256889175e-01
9.735351778456066696e-02
1.169381484567076079e-01
2.193164417140706646e-01
1.859547571949779210e-01
3.701218507545479541e-01
1.857222939002727280e-01
1.542401164160003002e-01
1.590442494170510312e-01
1.503753876736097506e-01
2.099072604747418691e-01
1.524316719287211186e-01
1.697128536392503162e-01
1.302948841114781875e-01
1.234029370743815190e-01
1.418498473539758220e-01
1.628167660811789264e-01
2.506424652030391775e-01
1.687007359843504806e-01
2.022859478740559325e-01
2.443101137503951303e-01
2.398218598898700649e-01
1.945439088069733646e-01
2.479653797706583007e-01
2.770441681630762543e-01
1.943235065691457097e-01
1.879102535977371646e-01
1.619541401630820998e-01
1.798484152666356417e-01
2.833508637929242902e-01
2.551254340921171315e-01
1.881495309755970569e-01
2.419244550474152489e-01
1.833379262670958298e-01
1.713191817671378125e-01
3.489226817040415596e-01
1.737885674200614072e-01
1.364503217779104161e-01
1.932818133124984405e-01
1.874351550429906588e-01
1.284242009576194166e-01
1.317093003811150020e-01
1.436845609393305467e-01
1.469681317701708179e-01
1.443070986764648511e-01
1.924819659995271048e-01
2.201859690788160462e-01
1.460689220306368996e-01
1.532551922371820086e-01
1.904434684041548254e-01
1.661161117564751155e-01
2.644221558251063642e-01
2.557170854713608499e-01
1.658588452845796424e-01
1.640514506528524541e-01
1.360962958920239607e-01
1.675533055439789309e-01
2.133687441705167664e-01
1.767480887721163962e-01
1.507678560311905003e-01
0.000000000000000000e+00
2.012164874895756850e-01
3.795564998542659274e-01
1.943728066796543419e-01
1.674372855170061514e-01
1.368829052142451486e-01
3.169566008379690047e-01
4.151696959569400880e-01
3.754333130751053016e-01
2.866518686231981361e-01
1.380182840246146903e-01
1.605797619632038653e-01
1.850990601533677171e-01
0.000000000000000000e+00
1.646103553126752606e-01
1.349417348712464160e-01
0.000000000000000000e+00
0.000000000000000000e+00
3.096054990141393626e-01
4.364277621176774202e-01
0.000000000000000000e+00
2.842894334015863000e-01
0.000000000000000000e+00
0.000000000000000000e+00
0.000000000000000000e+00
1.729705929045835811e-01
0.000000000000000000e+00
0.000000000000000000e+00
2.965511864598834868e-01
3.436986746639748014e-01
0.000000000000000000e+00
3.155691888865567729e-01
0.000000000000000000e+00
0.000000000000000000e+00
0.000000000000000000e+00
0.000000000000000000e+00
0.000000000000000000e+00
0.000000000000000000e+00
0.000000000000000000e+00
0.000000000000000000e+00
0.000000000000000000e+00
1.808951277020386661e-01
0.000000000000000000e+00
0.000000000000000000e+00
1.356922196175050777e-01
1.360378303827201041e-01
0.000000000000000000e+00
2.138431772942611386e-01
3.283313243323326969e-01
2.499686915788077446e-01
2.158611289108528508e-01
0.000000000000000000e+00
3.401769433090308103e-01
2.380905327714462616e-01
2.410442795418997752e-01
2.820801176378345820e-01
1.431983832673500157e-01
2.027286312953968661e-01
2.265259940152969664e-01
1.284863930184785563e-01
1.262011907650255615e-01
2.065585669482153386e-01
2.582778066164834185e-01
1.100436284360359618e-01
2.273590005829328464e-01
3.185871999547311151e-01
1.727926752124372967e-01
1.253682384698314722e-01
1.274201250118132955e-01
2.396374313829947589e-01
1.491764021491808478e-01
1.181190653480226060e-01
2.009597895280899049e-01
2.027377494372117617e-01
1.671588473469751424e-01
3.878830441578919319e-01
2.232985212183866142e-01
1.672636894451934864e-01
2.450217235638393332e-01
1.548025060043202450e-01
1.352782089071300764e-01
2.208243765267451642e-01
1.375560525754970786e-01
2.122036022494378504e-01
2.385280536339930146e-01
2.440822131527912719e-01
3.068485141367015556e-01
3.431376803528294328e-01
1.718684845648994486e-01
1.590304557550278608e-01
2.912767173918893171e-01
1.165980568637021292e-01
1.002619501852179823e-01
9.765244389694778537e-02
1.674766789362139296e-01
1.554992959466023339e-01
1.303213460186137262e-01
1.755028325266958233e-01
2.206496133809740245e-01
1.564432028980927147e-01
1.844179409618482146e-01
2.254017092952770029e-01
3.254643197709773395e-01
2.500915448341629044e-01
2.318064789037746487e-01
3.045875745948832813e-01
2.449560019894609086e-01
1.641945122249023614e-01
2.321220301885003057e-01
1.490339978948170829e-01
1.152313592635146183e-01
1.276575331657692214e-01
2.112721793828340744e-01
3.301906179658738449e-01
1.944841281045163184e-01
9.552353592413369288e-02
1.221150860538736810e-01
1.907059892449100846e-01
2.654001372881676368e-01
2.766159998371943707e-01
1.595440385885341095e-01
1.456142849034542663e-01
2.064798028392590135e-01
1.459869695975162807e-01
1.631357666165300924e-01
1.578820523801545972e-01
1.205936620176882856e-01
1.364354365005663039e-01
2.278107320689865822e-01
3.888009877410337212e-01
2.535983069366692932e-01
2.359971286991137673e-01
1.547918552565684946e-01
1.068690071728168323e-01
1.612363358274789271e-01
1.513538386114760825e-01
1.516984533739078045e-01
1.654503494054341828e-01
1.477842933993600283e-01
2.044300447064078541e-01
1.639732330100331648e-01
1.461805834927262238e-01
1.261001333114486755e-01
1.204676907324373630e-01
1.524498556806943017e-01
2.340911758185251212e-01
1.657415943176312190e-01
1.411530189550717906e-01
1.838160183711878004e-01
2.105462130209281024e-01
1.803441859227537247e-01
1.184495320864665108e-01
1.167612335398204582e-01
1.736231332094831104e-01
0.000000000000000000e+00
1.614092551549753118e-01
1.271783432101834532e-01
1.272352813876444222e-01
1.403096567706720033e-01
2.036079230109452687e-01
1.879532452495117079e-01
0.000000000000000000e+00
0.000000000000000000e+00
1.902341600966611090e-01
2.436929812042153976e-01
1.888152317929637503e-01
1.763051613103751303e-01
1.689445560244404732e-01
1.200176770923850056e-01
1.412467579067274714e-01
1.080847274646404149e-01
1.650461760615414275e-01
1.414537244842266617e-01
1.150866316052261695e-01
3.258210450946792403e-01
4.887151314170435357e-01
6.055755158436468832e-01
4.284006316917296497e-01
4.103574687802160614e-01
2.335015751884343405e-01
1.830759653283807742e-01
1.967390193341778115e-01
4.791447498479948774e-01
6.382811955673753923e-01
4.345075610922854437e-01
4.587216037064468233e-01
4.586355305353365108e-01
3.430461950011897132e-01
3.844673842665533026e-01
4.122326845513079596e-01
5.319068620023366112e-01
5.164611919696967535e-01
4.077554332939651305e-01
3.431294359638988323e-01
3.567361964471285618e-01
5.441633777598046118e-01
5.719851352358163998e-01
3.207261120700446999e-01
1.841421357956378735e-01
1.844626736244416310e-01
2.766849309938377854e-01
3.229659211397611362e-01
3.294691094267866993e-01
3.902805940889323422e-01
5.828432695460238344e-01
4.562376073529046949e-01
6.556596038747541932e-01
7.370232950212594059e-01
6.546927056991154181e-01
4.044984218941372056e-01
4.090325608446387373e-01
3.156398183001756785e-01
2.329661844439417373e-01
3.638442720473484826e-01
0.000000000000000000e+00
4.434631800377716315e-01
5.423727232453814384e-01
5.770842987304619642e-01
5.020519593607327691e-01
3.554468358509653703e-01
3.538677440258171658e-01
4.011943909635499739e-01
4.749929968413540982e-01
5.444146648392912402e-01
6.823130014099514362e-01
0.000000000000000000e+00
0.000000000000000000e+00
3.903435312768006038e-01
3.221694063318847334e-01
6.516742823784625882e-01
0.000000000000000000e+00
0.000000000000000000e+00
0.000000000000000000e+00
2.623326335660565167e-01
3.308304145689346387e-01
3.619179232646405620e-01
0.000000000000000000e+00
3.476517779172496048e-01
5.265377186966232470e-01
6.545098475574762098e-01
6.088823302008555816e-01
4.221944811564446454e-01
2.790344826969864411e-01
3.016249049351489298e-01
3.938077605854081176e-01
4.337900528602945394e-01
3.104842506299534399e-01
3.105152686348923163e-01
0.000000000000000000e+00
1.752202421013862588e-01
2.879502982276312961e-01
8.706121288352522969e-01
3.285551673953929219e-01
0.000000000000000000e+00
1.454008944059406172e-01
1.867806332477283116e-01
1.304456170369853729e-01
1.648708108529914895e-01
1.513832971999766741e-01
1.394337556719880689e-01
1.374550197184905564e-01
1.389784248801410049e-01
1.517819380278160879e-01
2.070461035355175283e-01
1.652816276511965277e-01
1.110091249304242661e-01
1.512250357654553179e-01
1.398379755778040301e-01
1.640785596391634293e-01
1.635220453889081882e-01
1.954450514268416261e-01
2.654009384968434304e-01
1.889569995319266005e-01
3.266645005908594412e-01
3.253733681824796942e-01
2.964344205669744992e-01
1.478356425594362922e-01
1.222063042386172527e-01
1.311502048248569252e-01
1.316967772792266289e-01
1.336151971935510829e-01
2.047813765071049008e-01
2.890169897455726056e-01
2.288863651347588513e-01
1.461512924790606127e-01
1.407434735316538121e-01
3.101366555972256411e-01
1.588315669135540176e-01
1.479178968182585929e-01
1.611197994617780960e-01
1.295786546527137595e-01
1.188405485142420143e-01
1.945672097333116801e-01
4.423840629999822860e-01
5.561095380600201699e-01
4.998503746868949160e-01
3.595658553825495374e-01
1.629479593167206808e-01
3.662978118753225654e-01
1.830614296078743319e-01
1.945393400806166018e-01
1.270980579966461965e-01
1.264352946244777787e-01
1.165595634817047227e-01
1.299179896464407735e-01
1.328840218702568021e-01
1.439651999447603692e-01
1.845992726935652417e-01
1.823249973161618354e-01
2.614734472066283510e-01
2.498394485418408972e-01
2.577367868923302052e-01
3.768567195167185080e-01
2.981389579980406879e-01
1.660821258790082799e-01
1.850822955060820452e-01
1.446779076839891931e-01
1.490712190395742653e-01
4.278003749428955782e-01
3.511381239457190828e-01
2.113261364896492078e-01
1.756596592619650843e-01
1.276207804538000701e-01
1.529191922379873891e-01
1.853073909615422510e-01
0.000000000000000000e+00
2.927738434023589020e-01
4.146087393166135171e-01
2.460643678857664662e-01
1.820816144169634110e-01
1.755779523313148738e-01
2.160401582085454963e-01
1.212836540226698567e-01
1.559740330683773990e-01
2.220909024449181368e-01
1.295108657257509621e-01
1.161409847796033151e-01
2.152620941723893400e-01
1.621359673577235094e-01
3.466214152242172442e-01
2.914058235958867926e-01
1.937843613714729796e-01
1.769654666610726290e-01
1.729044465795464280e-01
2.031209283069310978e-01
2.540564986181298446e-01
2.213496854377766110e-01
2.282560270796747948e-01
1.723619774502996582e-01
2.234681547210215224e-01
1.908133874641301242e-01
2.640086002747854543e-01
2.602397879925228419e-01
1.955838347743515115e-01
2.427270385725961432e-01
2.954548821090934307e-01
2.229918622137592454e-01
2.806132081455124383e-01
2.766141317232326258e-01
2.678510361654365957e-01
2.822437646073423512e-01
3.354703540068200707e-01
2.951325702016133201e-01
1.974978513029375660e-01
2.579895552300640604e-01
2.192898780927359514e-01
2.374884193307994218e-01
2.650437218473148393e-01
2.604976750931041196e-01
1.922369635156548073e-01
1.796037373119823422e-01
1.729562092072936541e-01
3.304400373281533576e-01
2.634889038755480195e-01
2.489397881442194926e-01
2.560122017533435490e-01
2.755297376797368192e-01
1.793641460738215065e-01
1.823100230500478425e-01
2.397234827359644160e-01
2.870787532450334578e-01
2.582026066360711414e-01
3.111266665046178992e-01
3.686405833202562876e-01
2.188837700816285425e-01
2.904982016876765938e-01
2.422896946960463316e-01
2.410585897663610477e-01
3.086280855636231446e-01
2.310165215282085349e-01
1.836513658425518170e-01
1.529068401083768236e-01
2.558879663948864791e-01
1.936986508857663492e-01
1.375533777067206587e-01
1.920882533174977091e-01
1.548186011346970037e-01
1.406157641912559320e-01
2.865903326715267818e-01
1.440638319013321789e-01
1.414354627446177126e-01
1.322313866972446850e-01
1.524899342782546074e-01
1.689189121122443293e-01
1.797963880657780511e-01
1.780072289315562384e-01
1.608902602535522419e-01
2.639378987803024934e-01
1.813005339888625056e-01
2.168051718227094471e-01
2.568820826229897825e-01
1.849473363102331069e-01
2.857709070604345092e-01
2.104903740792313793e-01
2.247575522701576733e-01
3.259387013646932174e-01
3.891517408393355693e-01
2.718086670549728079e-01
2.586035356502143778e-01
2.082645918127812301e-01
1.792240472500647164e-01
2.090483381637299742e-01
2.208368218461406463e-01
1.968904448174691735e-01
1.835711315540848598e-01
1.638973898998864476e-01
2.108077397508555662e-01
1.409717694407528477e-01
1.494560141910208362e-01
1.598577736577256325e-01
1.453464570577110704e-01
1.648690074357684887e-01
1.746617552804843321e-01
2.299315507043908080e-01
1.753946549698983393e-01
2.493576303764396818e-01
2.834011490501159303e-01
2.818833048833959687e-01
3.618387780221885563e-01
3.811086341202209460e-01
2.907045094983173872e-01
2.646412348726493446e-01
1.734669751318234920e-01
1.828444660603490424e-01
1.492973026678160453e-01
1.192383843702465862e-01
9.975373249263810860e-02
1.171517147568166550e-01
9.355886034797872286e-02
1.616853254640107374e-01
1.627320790709739784e-01
1.701334386633084061e-01
2.297204677266391493e-01
1.880971114139012856e-01
2.001786280018041653e-01
2.279175320317790299e-01
0.000000000000000000e+00
2.374619624365044424e-01
1.612887942464630020e-01
8.716302344178962491e-02
9.752130617002809088e-02
1.392616100287011327e-01
1.253059118555962803e-01
1.379508177116084422e-01
1.732506729485133734e-01
1.750242345206916572e-01
2.702455439672429294e-01
0.000000000000000000e+00
1.468615913255572614e-01
3.437291663924167961e-01
3.007400885718968797e-01
3.251146204388999927e-01
2.537674462001976994e-01
2.297987764008029565e-01
2.485457948201727774e-01
6.289682585309587237e-01
2.199295308662159443e-01
1.529919762425364094e-01
3.685048658696073454e-01
6.942207214882152311e-01
5.764965155107111272e-01
6.428634363897139936e-01
6.837679481187878272e-01
2.617834353249509638e-01
1.418379150889932105e-01
1.921579535687336360e-01
3.189605306177110688e-01
2.260885838548735149e-01
4.293043253814457505e-01
6.543473212744685963e-01
1.368464472532364251e+00
4.070901461053905157e-01
3.875955584215369232e-01
3.681243686594560804e-01
2.557101278597844751e-01
1.437705294889297103e-01
2.341558433427382568e-01
2.626042505522836468e-01
1.561646899293277213e-01
2.634467818051132726e-01
4.414571888076538331e-01
2.462839490065823200e-01
1.853275360557310736e-01
1.447318101086270403e-01
2.564011018868312397e-01
1.798188784979951049e-01
1.245503018050219957e-01
3.919067336009334768e-01
2.869791524905935809e-01
2.489952771095015616e-01
2.396669228289897147e-01
0.000000000000000000e+00
