0.000000000000000000e+00
1.250451209227372018e-01
2.096566879977193043e-01
3.440826574714200281e-01
2.119001254055630223e-01
1.472893050758567746e-01
2.319787037945545416e-01
3.328135500320493212e-01
2.403336706672093981e-01
1.751128693861517815e-01
2.916241630223452286e-01
2.849235301830495004e-01
1.688821024995809383e-01
1.631466410436158143e-01
1.452005617678609195e-01
2.635334538452651088e-01
3.624079755599892705e-01
3.935608303857536239e-01
2.124871325831909075e-01
1.610724544154400750e-01
1.794411166637353561e-01
1.882095673486942067e-01
2.019508834455099044e-01
2.752593196558513755e-01
3.357873445173380489e-01
5.000542308231286093e-01
4.160407169694889662e-01
5.261167932937835801e-01
6.162230879849032172e-01
4.614478261726668862e-01
4.007700432714529359e-01
5.337738674170340314e-01
4.831393828996630169e-01
3.304814822685218090e-01
4.429370479402504612e-01
5.632421030071125267e-01
3.509301049845388598e-01
2.758048025360870237e-01
1.569021516349441425e-01
1.341368778299411035e-01
1.628930689558742706e-01
1.234301684649917463e-01
1.822464909732083305e-01
3.674684002708373809e-01
2.962334105487224312e-01
5.171588056033660230e-01
5.407754744212641684e-01
2.297796114769600495e-01
2.053536668062751203e-01
3.353763006591597429e-01
4.457091941596892926e-01
4.267449665142737381e-01
3.780689550850410696e-01
2.839232938609130841e-01
1.763256253706705634e-01
1.943970308465159391e-01
4.220237384609962783e-01
5.771114681276262592e-01
4.242178531733433733e-01
3.524230500324174176e-01
2.965392888816871242e-01
4.518246071985320134e-01
4.725231986786780358e-01
3.893537022372286494e-01
2.093085508449589183e-01
1.768098572803005752e-01
2.667227727990442721e-01
3.387088009687928558e-01
2.861734265674046318e-01
2.302350706484979082e-01
2.276711473194078794e-01
1.426228762841927900e-01
1.394976778655574456e-01
2.507213030367992923e-01
1.422116496852920409e-01
1.430977408562403297e-01
1.995100225055192467e-01
2.417781211606047920e-01
2.070194793783598497e-01
1.765140973470856744e-01
1.646051989321382636e-01
1.720534512121109916e-01
1.628006701225801212e-01
2.110975684724692159e-01
2.327190955537629391e-01
3.409731699243683245e-01
4.003569175645458333e-01
2.563565702251168199e-01
1.632119300944897822e-01
1.779511617362332931e-01
2.252968049564749997e-01
1.896942835253280779e-01
1.652726823124231192e-01
1.900354512572004495e-01
3.912177677671372367e-01
3.073714783637864212e-01
1.503516441234460377e-01
1.725603507685693483e-01
5.124902496316907641e-01
4.002581092028790755e-01
2.173221701750587265e-01
1.590028370225019527e-01
2.164781494754479119e-01
4.657453894252510107e-01
2.059712960731551745e-01
3.373299790548418553e-01
2.024745521189046105e-01
2.140810375971924640e-01
2.068235400838124571e-01
2.494461960906462217e-01
1.972352772751309880e-01
1.454002142147438892e-01
1.266981485880260827e-01
0.000000000000000000e+00
1.046551215160162612e-01
1.484645944413870711e-01
1.563801314516676255e-01
1.781601740416620117e-01
3.443660823403958404e-01
2.651600280716897018e-01
4.553443150033923414e-01
4.615377488524980976e-01
4.496540407214984492e-01
4.817192400107227490e-01
4.104632984877963908e-01
5.143148375969799346e-01
4.333014883941340156e-01
2.643396988287377569e-01
3.187372422616130407e-01
3.997194989935250464e-01
2.183116839868218806e-01
3.835281297850175464e-01
2.327067685643521844e-01
3.035852625044984654e-01
2.468324783352558449e-01
1.759988205089677016e-01
1.863640649329444954e-01
0.000000000000000000e+00
1.393539398816160402e-01
2.014209613521710796e-01
1.312081111514359910e-01
1.739348997150799436e-01
1.042081477637167020e-01
1.240758465325820792e-01
2.085912879668311848e-01
1.920437040972808873e-01
3.745986436886588056e-01
1.905695101412259451e-01
1.573493468665177197e-01
1.634805537021374322e-01
1.564534943302585135e-01
2.132040192997153860e-01
1.652407430812963263e-01
1.905501766853948398e-01
1.428294504718226610e-01
1.356779095657899281e-01
1.594448418123767253e-01
1.769224220310089413e-01
2.096957903379526866e-01
1.825186812464016650e-01
2.157029318871577228e-01
2.539307902747837686e-01
2.546755437069953554e-01
2.150964608847397430e-01
2.614834259483223566e-01
2.672485855681238087e-01
2.034142250072613345e-01
1.918702573835907310e-01
1.808403709528963177e-01
2.039094130972279872e-01
2.933999367598787988e-01
2.599004379516580698e-01
2.067113728264210748e-01
2.653448988395601948e-01
2.028361125544701493e-01
1.909582722289152046e-01
3.445302098796497181e-01
1.843441752609801809e-01
1.488865204756298910e-01
2.022305885502737044e-01
1.969063441828777794e-01
1.380506526920904364e-01
1.413587117317034458e-01
1.551252612516212659e-01
1.595714386499433035e-01
1.567574245837420333e-01
2.016245872443188925e-01
2.268713981412051328e-01
1.605812034878562611e-01
1.676503259820384395e-01
2.084478461413459549e-01
1.790503105369306847e-01
2.740751933836486076e-01
2.480334771539328409e-01
1.777475221238907221e-01
1.730561824152209716e-01
1.522868137217215645e-01
1.851053673766174801e-01
2.224834827126966064e-01
1.898442008128924108e-01
1.701621632188924926e-01
1.651524840793479054e-01
2.193831501550708718e-01
4.083754504404314978e-01
2.074403147482403453e-01
1.798810773893410320e-01
1.474410088076623659e-01
2.410431215470322242e-01
4.407322341771873764e-01
3.682001341966452679e-01
2.583109926287974201e-01
1.538086213164594207e-01
1.794951912238487990e-01
1.894805416413709032e-01
2.389252619096634278e-01
1.775064136980955276e-01
1.581854797150377967e-01
2.646708408115562849e-01
1.305354453380164204e-01
3.240454566936605829e-01
4.610322316533226328e-01
3.384277627724324722e-01
2.562933931413114430e-01
2.107066697126685206e-01
1.565530126950278322e-01
1.954569910636520524e-01
1.851535311346844959e-01
1.869896935961394002e-01
2.076585439008373501e-01
2.643666038544584262e-01
3.191507420168187559e-01
3.385104637530781946e-01
2.512841692753537970e-01
3.203906182958827786e-01
2.675329661059247521e-01
3.657751678908664483e-01
3.137558487287431253e-01
2.560458433775716358e-01
2.112258295462405289e-01
2.300726189215299422e-01
2.155349784964611382e-01
2.733358829865005224e-01
1.698093191683525405e-01
1.401563493381281500e-01
1.360125481335071884e-01
1.448015900035861392e-01
1.446128645630546383e-01
1.472867674271291782e-01
1.753758558865380623e-01
2.312406233868266880e-01
1.962356138753545143e-01
1.900246682216955307e-01
1.389303826883610260e-01
3.041104007539315868e-01
2.191645594281566578e-01
2.076125633898653344e-01
2.281585763666538480e-01
1.481077013360075634e-01
1.778329558629388740e-01
1.985764397484863220e-01
1.309536654996655836e-01
1.270183878677569600e-01
1.885801633136401645e-01
2.539371606898727096e-01
1.152937914682042736e-01
1.994922500640580187e-01
2.742835278711222013e-01
1.562470774396376161e-01
1.260249026544274509e-01
1.278833250539490596e-01
2.311590163298309630e-01
0.000000000000000000e+00
1.201346397371235580e-01
1.670633969967567634e-01
1.298033357633452956e-01
1.629585561200943000e-01
2.971632587500619982e-01
2.066545114414988227e-01
1.745169806023351422e-01
2.261818094383763189e-01
1.548864851529423992e-01
1.393167786164512534e-01
2.082193468734581110e-01
0.000000000000000000e+00
2.071820860546555176e-01
2.086258246960289442e-01
2.016666169148592647e-01
2.198545214128397873e-01
2.333438939400950818e-01
1.677309709270657090e-01
1.533689476869583290e-01
2.658232141976948348e-01
1.179804690948903223e-01
1.050821799497758668e-01
9.755318239908812583e-02
1.562320911479571084e-01
1.519889380607306884e-01
1.308960811595323015e-01
1.689250025373420505e-01
2.022111810058204173e-01
1.508421457776612795e-01
0.000000000000000000e+00
2.050654352988264817e-01
2.474432619388033938e-01
2.257073559309711042e-01
2.231440083168657884e-01
2.362982886260630022e-01
2.149024507592231237e-01
1.660902660751953086e-01
2.156027368512474784e-01
1.503663621831316521e-01
0.000000000000000000e+00
1.262236751255230716e-01
1.890989511146039248e-01
2.877953714682409680e-01
1.863359036468000551e-01
9.370912946961035273e-02
1.209914490780640839e-01
1.827411332713528846e-01
2.531260219837438985e-01
2.720087004489477600e-01
1.626209775770325883e-01
0.000000000000000000e+00
2.042238258545931162e-01
1.446482212317786453e-01
1.584063789250332033e-01
1.608337475517971349e-01
1.192248853768334144e-01
1.363234390854990152e-01
2.237461392523878434e-01
2.987362693545829173e-01
2.320595209533984904e-01
2.176611106877374135e-01
1.504500501567463955e-01
1.034566693612087029e-01
1.597558183396480813e-01
1.484012494629348422e-01
1.479422094277652588e-01
1.602155335720810148e-01
1.451356672500627165e-01
1.990509809202620217e-01
1.587606302018442772e-01
1.424448831117756109e-01
1.303304409517409557e-01
1.177703244582561648e-01
1.418237380287158955e-01
2.278473077246094824e-01
1.691346016105013950e-01
1.402686389931862565e-01
1.767193173713374199e-01
2.014722680126325438e-01
1.716810881524352128e-01
1.154596866708249014e-01
1.131538971328263504e-01
1.760208690196159997e-01
3.141058659182481838e-01
1.558288822230516346e-01
1.212826174927508632e-01
1.244255164797718471e-01
1.398842400584862367e-01
1.963497553876879520e-01
1.288450819613980169e-01
1.190419606069029329e-01
1.366985081125866031e-01
3.023512759609969791e-01
0.000000000000000000e+00
0.000000000000000000e+00
1.914322787213262045e-01
1.899432924147298474e-01
1.226140550893462522e-01
1.561215927607005338e-01
1.284116495165218697e-01
2.026327241534781609e-01
0.000000000000000000e+00
1.488699152796842673e-01
5.887653404346712138e-01
1.191716802903596939e+00
1.685455696846737572e+00
8.747145182946963748e-01
3.961682447442337884e-01
2.306295976410923376e-01
2.164726186427386734e-01
2.260128792875679693e-01
6.209884144337041167e-01
8.915361919170888827e-01
4.598410723750965268e-01
5.132758220900508483e-01
5.342456944045186340e-01
3.334663709606390247e-01
4.121624326848428166e-01
4.058366645450574017e-01
4.904691503330476654e-01
4.683860680998654935e-01
3.758967948642985557e-01
3.246394122617573541e-01
3.405488070745925078e-01
6.011006402811506222e-01
5.815844547057404945e-01
3.030795139047043341e-01
1.782932818107033635e-01
1.801802386016480018e-01
2.695287762859115976e-01
3.063408962935225133e-01
3.267400698195408459e-01
4.057752654772036061e-01
4.106076547102294194e-01
4.136030124483098813e-01
5.908633303440659068e-01
0.000000000000000000e+00
6.066487976932801729e-01
3.875238279921837115e-01
3.962850890969386031e-01
2.967939184042825973e-01
2.235945331297613248e-01
3.551471487391402726e-01
4.925852160975648375e-01
4.034994471204251809e-01
4.967753724267159887e-01
5.409502167348209101e-01
4.426381557892991592e-01
3.262814737870543547e-01
3.177346199753673939e-01
3.627495500680941731e-01
4.329896105009358176e-01
5.245432600716277705e-01
6.521788122381806385e-01
4.293620666773553252e-01
5.681855729889603301e-01
4.455257893668425617e-01
3.574405811990518655e-01
3.031247969183351043e-01
6.519078270718580148e-01
3.684338470698366730e-01
4.130816522187421569e-01
3.651971609492181692e-01
2.474440414302102598e-01
3.221015837934534942e-01
3.329752492057283519e-01
2.566619803496560381e-01
3.206491959635959788e-01
4.897795826915693485e-01
6.677423609129564674e-01
5.959353795074959770e-01
3.994870581187980330e-01
2.594343870448846956e-01
2.767385471979578182e-01
3.756925759981214474e-01
4.413300700050407088e-01
2.914576388904331350e-01
3.093249997968663956e-01
2.014504528684069595e-01
1.686575440409855964e-01
2.788184496098917164e-01
7.173037472959431504e-01
2.974048421061047942e-01
2.149032589985823971e-01
1.389217852076196358e-01
1.737093845111117030e-01
1.248423997578124445e-01
1.596801970749091582e-01
1.447782169909493655e-01
1.345781610170610487e-01
1.360403891628908790e-01
1.398805902948838387e-01
1.494433706565015396e-01
1.802848824594567301e-01
1.456808566938555816e-01
1.170065079028994176e-01
1.587163495957662762e-01
1.507017234234220571e-01
1.784473363684183078e-01
1.699482935379856285e-01
1.976087726619351059e-01
2.554734529899763129e-01
1.942860922834988568e-01
2.991346642279346102e-01
2.975276317624854783e-01
2.751616951146101941e-01
1.578032938889662451e-01
1.320350593841173314e-01
1.506575895534150722e-01
1.478907631286404123e-01
1.518919330435260784e-01
1.896813161921021007e-01
2.740231664156274061e-01
2.368326173984326988e-01
1.624761845090873236e-01
1.537962223736300538e-01
2.454615075144447323e-01
1.712087487570254363e-01
0.000000000000000000e+00
1.731875277759077347e-01
1.445487454878542355e-01
1.298119945764748262e-01
2.110339556186472398e-01
0.000000000000000000e+00
5.480993934952395064e-01
4.799782414041298684e-01
3.392198185805105348e-01
1.775963134768027973e-01
3.633032918406160494e-01
1.774531876788658924e-01
1.817500967711702664e-01
1.386647058035345437e-01
1.316108289951469779e-01
1.285177139617899034e-01
1.395666112246544133e-01
1.393930122358319201e-01
1.511563890201528815e-01
1.867919962622212049e-01
1.893554440444150389e-01
2.566318786358728898e-01
2.467072636417941278e-01
2.666356767003146278e-01
3.374589129709446578e-01
2.718687910106672434e-01
1.684611699001847540e-01
1.864690117000332992e-01
1.539206972986980060e-01
1.599850383792636443e-01
4.323362678867706532e-01
3.537845511715707048e-01
2.202270623432377727e-01
1.800313351846570542e-01
1.362878663617451691e-01
1.651517609016409094e-01
1.955400920710752832e-01
2.566483757792629161e-01
2.987897962042884159e-01
4.300127806700014821e-01
2.405454364217614327e-01
1.851358640737245376e-01
1.788202941317659500e-01
2.038722910155648105e-01
1.293294063652106474e-01
1.617982170480522508e-01
2.691276833174532368e-01
1.413822276778250175e-01
1.224035608184913387e-01
2.114833005596463145e-01
1.718916417383856421e-01
3.572489833739465603e-01
3.289938667555469820e-01
2.200091890794240168e-01
1.946656701309704141e-01
1.893374648327918741e-01
2.220697027944243118e-01
2.646459728380179954e-01
2.407889687172771187e-01
2.474555638919738454e-01
1.865927856430062426e-01
2.578240259423869030e-01
2.109517748077973098e-01
2.843479888819477330e-01
2.639195320398934341e-01
2.101269667273844288e-01
2.713267862889822690e-01
3.188098670058993611e-01
2.357459140147453447e-01
3.076204075211063649e-01
2.937415435948640408e-01
2.845207698424020992e-01
3.014422952972840020e-01
3.592613367446790273e-01
3.310370401409192254e-01
2.195112270730734949e-01
2.844110912708686656e-01
2.460707934258423435e-01
2.677861820754621203e-01
3.047363473508613585e-01
2.900377639689156739e-01
2.149466014501507927e-01
1.986494744392698908e-01
1.905102566301580258e-01
3.437587340386338286e-01
2.817276699702089826e-01
2.591244294441287788e-01
2.610713264514055720e-01
2.744677042568351433e-01
2.033578109093786834e-01
2.011529321214820532e-01
2.446335632858648301e-01
3.058176173169535050e-01
2.888237456863562147e-01
3.084764072154739800e-01
3.657290868142170082e-01
2.378247603415247491e-01
3.329402980744774476e-01
2.714304709720025133e-01
2.616803395053170500e-01
3.481803594359940135e-01
2.687463449613361477e-01
2.226603025445295092e-01
1.720754750204295247e-01
2.873919652542635816e-01
2.140649420437148176e-01
1.553023569256991032e-01
2.205951472016731973e-01
1.792490790908105314e-01
1.594560341657663416e-01
3.211514520152602969e-01
1.594540089353737866e-01
1.610150801294379097e-01
1.497221279537566119e-01
1.751514415059655105e-01
1.947095033212736526e-01
2.040543891784637742e-01
2.034971546156249256e-01
1.832005773636714019e-01
2.977679101894549762e-01
2.054589705233013097e-01
2.457372584120884884e-01
3.021845236231467946e-01
0.000000000000000000e+00
0.000000000000000000e+00
2.430637234540437286e-01
2.642767595521078317e-01
3.402684383219699016e-01
3.917607926185622258e-01
3.048055890981324345e-01
2.781782838948831937e-01
2.304051888079524102e-01
1.994781874897516849e-01
2.192845043134245275e-01
2.427399922213525074e-01
2.217778292229801163e-01
2.061610180314701335e-01
1.837739935453769347e-01
2.426480293075964356e-01
1.468747644862580526e-01
1.629907993955374557e-01
1.784231501235166717e-01
1.716225924519471369e-01
1.837596774741668826e-01
1.881684908001596546e-01
2.566925808740266879e-01
1.856652072986700597e-01
2.616317659433842757e-01
2.905783112671687096e-01
2.891677645430597021e-01
3.444960302300471566e-01
3.700557866350153713e-01
2.938471986853719575e-01
2.743100443798339727e-01
1.801528740681230811e-01
1.868767440597060292e-01
1.551951246299471676e-01
1.266928008600787803e-01
1.064551501526200261e-01
1.232858693810641448e-01
9.689288429747756892e-02
1.658013698937230995e-01
1.674731688322214362e-01
1.750789297410860201e-01
2.375400194838432344e-01
2.001299739952160373e-01
2.070495130097440295e-01
2.329829152874630660e-01
2.977863162015788601e-01
2.370874489950068331e-01
1.633661177415104138e-01
9.069235564100303071e-02
1.046096150831530291e-01
1.454425548801065171e-01
1.309818774130056263e-01
1.527627400265846036e-01
1.787042876898937982e-01
1.965820192054525128e-01
3.154992816668560351e-01
5.677218536148845862e-01
1.745076025729999092e-01
4.636696894697916460e-01
3.487473867008133999e-01
3.406978421922275957e-01
2.703061741821389252e-01
2.519380826405655527e-01
2.780382886254185726e-01
5.016735295587069210e-01
2.618705117129098148e-01
1.730675538301354177e-01
4.401516608047057466e-01
7.641674083707533649e-01
6.421331289069075465e-01
6.672151866729635339e-01
7.505054560386912321e-01
3.175858044376631550e-01
1.715200619352715283e-01
2.407088085744868711e-01
3.353070772117758835e-01
2.918144525745769990e-01
5.015280119873947173e-01
7.092412863278091395e-01
1.935379652582181587e+00
4.000336116459330960e-01
4.629509581065797685e-01
4.454410136179841051e-01
2.805069612201475104e-01
1.644197713003625883e-01
2.620439370689633951e-01
4.096765752420342133e-01
4.276358944557751007e-01
3.199518838545089006e-01
5.259923831836773589e-01
2.410647340904817637e-01
2.332412560223117992e-01
1.545766352022296120e-01
3.173703253685978276e-01
2.203054671544813770e-01
1.333242413013298877e-01
3.653219759128705224e-01
3.733770790874116341e-01
3.289971317935903583e-01
3.176433781706885506e-01
3.744046713858074082e-01
0.000000000000000000e+00
