0.000000000000000000e+00
2.209386405951200560e-01
3.875833450275186221e-01
2.234852856433138801e-01
1.502723914695216767e-01
2.433442501551509873e-01
3.464683916029349109e-01
2.497554706617084175e-01
1.771214447184656093e-01
3.044681447470903302e-01
2.966614254153630004e-01
1.771858647941086107e-01
0.000000000000000000e+00
1.505019095479507851e-01
2.751186601858065517e-01
3.771207549672853099e-01
4.096170398214430963e-01
2.189505386564827849e-01
1.671715110775112978e-01
1.887558831518797997e-01
1.963354907865970389e-01
2.084029962053533247e-01
2.840014547289740898e-01
3.463783872813316900e-01
5.076484123645175206e-01
4.187815804659275054e-01
5.239726691122715829e-01
6.041804518090414522e-01
4.961805608007987534e-01
4.240952487010969940e-01
5.725528583848157327e-01
5.008784561830932347e-01
3.431454731244950596e-01
4.514828623254993900e-01
5.642622751071549869e-01
3.653855886009424458e-01
2.864001986542498712e-01
1.627711613226528742e-01
1.375026932801569346e-01
1.666079489242735523e-01
1.290560826416040363e-01
1.912765271686864832e-01
3.777340348987606733e-01
3.096439230578076907e-01
5.328175388746794194e-01
5.387166781998282694e-01
2.381400431775804183e-01
2.124905238757171799e-01
3.539876335136403207e-01
4.997705770972898920e-01
4.577205240665601083e-01
3.922208309645645041e-01
2.957514054641168233e-01
1.844019029414804833e-01
2.032135466212126595e-01
4.779459132972582180e-01
6.589012571859009793e-01
4.499722056165603723e-01
3.711847480799205234e-01
3.101310410428373965e-01
4.631893521540622061e-01
4.974780542937379813e-01
4.031773891046514513e-01
2.152481222115717741e-01
1.857923913647235858e-01
2.777513114267147754e-01
3.495625972417359395e-01
2.980207148568231323e-01
2.327773036967840103e-01
2.318357628872070586e-01
0.000000000000000000e+00
1.412110533528880274e-01
2.575428574632398493e-01
1.493618658260868204e-01
1.492129462368033954e-01
2.031988990263150219e-01
2.516949980439177059e-01
2.136343410557610956e-01
1.772507713934424745e-01
1.655625004217234353e-01
1.747047290373103523e-01
1.623532487161754301e-01
2.073187269598114613e-01
2.332238773272593269e-01
3.662401138365073971e-01
4.328994500883835972e-01
2.575048858413449548e-01
0.000000000000000000e+00
0.000000000000000000e+00
1.825456825735619903e-01
2.116410403180187805e-01
2.494985349484697967e-01
2.457375530030679045e-01
2.133217186035220037e-01
2.520192248795352086e-01
2.717390110020797556e-01
1.971744380637077965e-01
1.889005630703658178e-01
1.748230202915995735e-01
1.891611258865692202e-01
2.865867939650376117e-01
2.553243942365507890e-01
2.030206560515243897e-01
2.567359792430278231e-01
1.974730490095504554e-01
1.880516807742162455e-01
3.423189095871347343e-01
1.802798572341152150e-01
1.449075005043097553e-01
1.906335387872749865e-01
1.870403941628932254e-01
1.331220129395247476e-01
1.381664746459884408e-01
1.520431821805998118e-01
1.597204565603198845e-01
1.521359205175340235e-01
1.968185847848946679e-01
2.214127101868542113e-01
1.579958218293005257e-01
1.613856964446358788e-01
1.986092117703631976e-01
1.722347318724662957e-01
2.588718183988707455e-01
2.341632000480343145e-01
1.680034738281906137e-01
1.653945221250193165e-01
1.430942796400797301e-01
1.737019561957880986e-01
2.049014952177896087e-01
1.837227536864854960e-01
1.634848183464654436e-01
1.603569694687911606e-01
2.100917470935731723e-01
3.775785869214796087e-01
1.963670079562994109e-01
0.000000000000000000e+00
1.430341548820207032e-01
2.235543940934313356e-01
4.468522527707382563e-01
3.558736029001896561e-01
2.466352761833852936e-01
1.469927385908511852e-01
1.676277784146255334e-01
1.817969735437078294e-01
0.000000000000000000e+00
0.000000000000000000e+00
0.000000000000000000e+00
0.000000000000000000e+00
0.000000000000000000e+00
0.000000000000000000e+00
0.000000000000000000e+00
0.000000000000000000e+00
0.000000000000000000e+00
0.000000000000000000e+00
0.000000000000000000e+00
0.000000000000000000e+00
0.000000000000000000e+00
0.000000000000000000e+00
0.000000000000000000e+00
1.947066580057481011e-01
1.308014102224389075e-01
0.000000000000000000e+00
0.000000000000000000e+00
2.006260086153989763e-01
2.702689505600667785e-01
1.569294573193478204e-01
1.265154006313954915e-01
1.280119978695102023e-01
2.253082315875789832e-01
1.526106858569035163e-01
1.212161314958471181e-01
0.000000000000000000e+00
0.000000000000000000e+00
1.657416666381954229e-01
3.161328394294181665e-01
2.087149100195470064e-01
1.680575030180559704e-01
2.219089528456217320e-01
1.573931485773409633e-01
1.378811149239512202e-01
2.085414941792677057e-01
1.381734306172090754e-01
2.051483060155210314e-01
2.042937815298156434e-01
1.998224150078549977e-01
2.291930658329597303e-01
2.556972405851050678e-01
1.673728243392876847e-01
1.505024186148211096e-01
2.434484855047294727e-01
1.181199944898529974e-01
1.044906545426616540e-01
1.007701465923832584e-01
1.445257761530992779e-01
1.534895753008802266e-01
1.329808046253823928e-01
1.713446670185442555e-01
2.043271236643235678e-01
1.517421808223556323e-01
1.751128879717308851e-01
1.996234094238555912e-01
2.599300829744275454e-01
2.123887036767558578e-01
2.154170401487128517e-01
2.499378357918932148e-01
2.206604870034982735e-01
1.646833850181068093e-01
2.116558777204733399e-01
1.515956447462520340e-01
1.156407571792667371e-01
1.271620265174946141e-01
1.863244318280228851e-01
2.862666023864061104e-01
1.877362022109024808e-01
9.563918115769956541e-02
1.228975529529583721e-01
1.845506677066611478e-01
2.572289596555279445e-01
2.742576363172276599e-01
1.627730481186385747e-01
1.467436200179367267e-01
2.026124998014220413e-01
1.462478986252913893e-01
1.609832337229862576e-01
1.587569502898138474e-01
1.201952787013927104e-01
1.389276470307183042e-01
2.210457702531997137e-01
3.240256387279333850e-01
2.408499130082251138e-01
2.253809801166699045e-01
1.523087115066750485e-01
1.045854588105831484e-01
1.596515993618619622e-01
1.493885057837326114e-01
1.509439803658709500e-01
1.616026354862364067e-01
1.476420478507692036e-01
1.908371922540123833e-01
1.624656338433545510e-01
1.461839825249695024e-01
1.294224066587216782e-01
1.208522458966565377e-01
1.465297122812837805e-01
2.317286990708117833e-01
1.748015364192859744e-01
1.434190335212216783e-01
1.832226356689414526e-01
2.080543310298300919e-01
1.766441495397425843e-01
1.177129658454479505e-01
1.157703780882001904e-01
1.773492979453651086e-01
3.135413562093856132e-01
1.588612743095222657e-01
1.189510010396738482e-01
1.291910970395557801e-01
1.404040245910219975e-01
1.988988936144000796e-01
1.341349102661472115e-01
1.229838612442780560e-01
0.000000000000000000e+00
5.152180531217337434e-01
2.412878508905255404e-01
1.984224823044394570e-01
1.874424455299020520e-01
0.000000000000000000e+00
1.284665458638074576e-01
1.407277877227235408e-01
1.271427558792668222e-01
1.729903206838867002e-01
1.686907835977493053e-01
1.269111513310590134e-01
4.093134541227149703e-01
7.096955621287674987e-01
9.146189541657475663e-01
5.113024090638659258e-01
4.064315765505394085e-01
2.522177614866658035e-01
2.018588261397188943e-01
2.336400908541161059e-01
4.791216209314366203e-01
6.178218038326247497e-01
4.338771794960958883e-01
4.619621250825406977e-01
4.522320910834370378e-01
3.410675850604852899e-01
4.159222207396792714e-01
4.390425527743173073e-01
5.369994398524248203e-01
5.235518450121106060e-01
4.099568920103683900e-01
3.456367639308016715e-01
3.546061076852449201e-01
5.310066844635051853e-01
5.543115599780717995e-01
3.118168210324709366e-01
1.851578365271854543e-01
1.864751462644986535e-01
2.853874862489177988e-01
3.189008716064394289e-01
3.339973238350595897e-01
3.868110153258036421e-01
4.397136147532038630e-01
4.412596342327814170e-01
6.209608391368102165e-01
6.945573969945935122e-01
6.225159227369569948e-01
3.974517835088237083e-01
4.023450947889352092e-01
3.134694630444658792e-01
2.357773628452474735e-01
3.642488362581711714e-01
5.175923188875100056e-01
4.296508867652897856e-01
5.041103314832012794e-01
5.265261230071672793e-01
4.534886324520817635e-01
3.493474508543043533e-01
3.465959725863755891e-01
3.870753051161086589e-01
4.494668724402637872e-01
5.181632143220255005e-01
6.564546089723749533e-01
4.423975426404913591e-01
5.805588233816197929e-01
4.628164397503533589e-01
3.779159879854119275e-01
3.101284383032638092e-01
6.445988452227318088e-01
3.853653585183674513e-01
4.561003213186344829e-01
3.941722321360203729e-01
2.576763189176209390e-01
3.644092846837248545e-01
3.798499336766608114e-01
2.852223873072483595e-01
3.506291287728893757e-01
5.220717513170893831e-01
7.221923057696021386e-01
6.690362494452183340e-01
4.608772053718136474e-01
2.997702844976161130e-01
3.077789927135337056e-01
4.285851320879592863e-01
5.089718171594976859e-01
3.573461250377460430e-01
3.838381913476476281e-01
2.446213770040489566e-01
2.057137321472751745e-01
3.287251302431066780e-01
8.565515975257610437e-01
3.970128284532164487e-01
2.733267989141776599e-01
1.526112609252613106e-01
2.120145353126692833e-01
1.355108590201040686e-01
0.000000000000000000e+00
1.584821662160880440e-01
1.448734700971349987e-01
1.447174390896635021e-01
1.494337060151892105e-01
1.847544329464580748e-01
2.541293271050074631e-01
1.759770754062396636e-01
1.175733066242092006e-01
1.863150123589489560e-01
1.512746501953020073e-01
2.118089755061216550e-01
1.779784277020502736e-01
2.237929195976899599e-01
3.058313404979721706e-01
2.361225839856345987e-01
3.810953890808469469e-01
3.645158501646162397e-01
3.362604809281795615e-01
1.937084269433726191e-01
1.390732950521580691e-01
1.546417440129345677e-01
1.655397982725974881e-01
1.789385647919013445e-01
0.000000000000000000e+00
3.550067925770097332e-01
2.652803033109409347e-01
1.756999490011571519e-01
1.555382843800337256e-01
2.494270214603361013e-01
1.790091319610294107e-01
1.693615529481058424e-01
1.933876317553994972e-01
1.405051930985485031e-01
1.290433915773497586e-01
2.374114814770224569e-01
4.963277882833815324e-01
6.283753264889004875e-01
5.694935734791078952e-01
4.319219744503648428e-01
1.745190572547909158e-01
3.839179143035207353e-01
2.106569027810938077e-01
2.423187318998111239e-01
1.358507531348780717e-01
1.410184531763386262e-01
1.243934991091064785e-01
1.390455868640962100e-01
1.443534966475883419e-01
1.546064071476505875e-01
1.787684184179647306e-01
1.943201825386606796e-01
3.258091465503492601e-01
2.715804024583594045e-01
2.668966654410775963e-01
4.003707768399556444e-01
3.158411387738137566e-01
1.875239106277417078e-01
2.080244351000304359e-01
1.574367555584997858e-01
1.648476088861982325e-01
4.823258492630275174e-01
4.168166663921409887e-01
2.600238031069144196e-01
2.199998671905976089e-01
1.430757539719200444e-01
1.835290029718029681e-01
2.150518650022638922e-01
2.941849053377438850e-01
3.457107563331021649e-01
5.188116288303380452e-01
3.020058876560692274e-01
2.126387663157285890e-01
2.164679933612659313e-01
2.604447691973337808e-01
1.284370655798813265e-01
1.918248402831374821e-01
2.729365780021627552e-01
1.373680179787785671e-01
1.221392889388406289e-01
2.568939283315552213e-01
1.794285703893727102e-01
3.770374139803152613e-01
3.214640348000799008e-01
2.238615230861323024e-01
1.884013033950112104e-01
1.825659755335761469e-01
2.263549380251638765e-01
2.899565085406039522e-01
2.593085144078126625e-01
2.850754973817477556e-01
1.828525661395769275e-01
2.374589936622920616e-01
2.051264686746071819e-01
2.926761733126197473e-01
2.879473807147843178e-01
2.095421657741068366e-01
2.717649403166852440e-01
3.239077931002732336e-01
2.395003758626755297e-01
3.091078633733378433e-01
3.068548648432755654e-01
3.180737845194334112e-01
3.420841804899115712e-01
3.951715527840439779e-01
3.468819932469960898e-01
2.110307423940297744e-01
2.773836147949862441e-01
2.336445447641316286e-01
2.548689624174561574e-01
2.834355527609156433e-01
2.827774415421028809e-01
2.050869667121953122e-01
1.901595292233047019e-01
1.838285480378201164e-01
0.000000000000000000e+00
3.068260820009929835e-01
2.789888108123260158e-01
3.183816713660039266e-01
3.471595921020658726e-01
1.923229721001354919e-01
1.978212920972330369e-01
2.826703486703551205e-01
3.351409884727490907e-01
3.042323733255097307e-01
3.485212806563639520e-01
3.946823551428275123e-01
2.394816264180659182e-01
3.098921760574892548e-01
2.527512318231645572e-01
2.677508381598409648e-01
3.546080326681337880e-01
2.579768746968659765e-01
2.070166999205882430e-01
1.634555406479714090e-01
2.794390637780605480e-01
2.160996099504013113e-01
1.476321629458853812e-01
2.026076451960221458e-01
1.684822104936502807e-01
1.499607214735155236e-01
2.984385122715090266e-01
1.507299169897174940e-01
1.522245051837700092e-01
1.419669971886261262e-01
1.635003320367657553e-01
1.812400484728041161e-01
1.916698175618171684e-01
1.874133908252380021e-01
1.713700299612969380e-01
2.791275918786405019e-01
1.919400392613601347e-01
0.000000000000000000e+00
2.814040081236155455e-01
1.947593084865575919e-01
3.195894090881849503e-01
2.213762739930311974e-01
2.550348040608617639e-01
3.566520845872541701e-01
4.105057209780667571e-01
2.964657810404934257e-01
2.900820990697930979e-01
2.164137324092018644e-01
1.859632546251288043e-01
2.076741228672369377e-01
2.281536658024148623e-01
2.027916349753677572e-01
0.000000000000000000e+00
1.740528385603511141e-01
2.215582135761650084e-01
1.429388124655758818e-01
1.537425285708294842e-01
1.681472078840518525e-01
1.631594352869318310e-01
1.773389806258136026e-01
1.890146833976992791e-01
2.484217652831596790e-01
1.793979807715557206e-01
2.725947458873982931e-01
2.957261487867547389e-01
2.914711390100928057e-01
3.919130481688982703e-01
4.110115243602663893e-01
3.084579086731698006e-01
2.909363534468935031e-01
1.784825984363748730e-01
1.835592618435636370e-01
1.509141039761756897e-01
1.228802683245946853e-01
1.024426739903857991e-01
1.202540856695468313e-01
9.719614060390142918e-02
1.615883217231192936e-01
1.653450006553337237e-01
1.770148774087298149e-01
2.514481457902970063e-01
1.983821169771959325e-01
2.085108369710464149e-01
2.413808701732033657e-01
3.358572402655917166e-01
2.527791176556816732e-01
1.621336967907605620e-01
8.967385951970475999e-02
1.021295062970117018e-01
1.437521297797111630e-01
1.263578612983166094e-01
1.439677348510968735e-01
1.698415553722259774e-01
1.810381549508942867e-01
2.777040551454996731e-01
5.009205177200335424e-01
1.598082062426728900e-01
3.828369452706557041e-01
3.067389613568956008e-01
3.329424523885846088e-01
2.674582051690496121e-01
2.436881583722131650e-01
2.635408182302002023e-01
5.121682544695222994e-01
2.326908921884083548e-01
1.597320452412786806e-01
3.938851354067458010e-01
7.247517770548579374e-01
6.135416955851413778e-01
6.445041532852553434e-01
7.008001584063902056e-01
2.826851057516719945e-01
1.537344979011956991e-01
2.099689620887893182e-01
3.049462196320943397e-01
2.493222133587338352e-01
4.664761296247310063e-01
6.614890181335988384e-01
1.479836410068509966e+00
3.780420358282295945e-01
4.187696094453207674e-01
4.009101479838613202e-01
2.732556794827987745e-01
1.544233412265842709e-01
2.504979014040798480e-01
3.028166336847731288e-01
1.794372752909466073e-01
2.822628216260462675e-01
4.692045079659152851e-01
2.315025407056498785e-01
2.022313587583929873e-01
1.481516376851344519e-01
2.866732065453660439e-01
1.934056510120394645e-01
1.298734941749223049e-01
3.817144594689714787e-01
3.132462982570835552e-01
2.790512763269469287e-01
2.652153113348735269e-01
0.000000000000000000e+00
